150 4 3
15 15 15 15 15 15 15 15 15 15
3 0.222222 0.625000 0.067797 0.041667 0
0 0.166667 0.416667 0.067797 0.041667 0
1 0.111111 0.500000 0.050847 0.041667 0
7 0.083333 0.458333 0.084746 0.041667 0
2 0.194444 0.666667 0.067797 0.041667 0
7 0.305556 0.791667 0.118644 0.125000 0
9 0.083333 0.583333 0.067797 0.083333 0
8 0.194444 0.583333 0.084746 0.041667 0
6 0.027778 0.375000 0.067797 0.041667 0
1 0.166667 0.458333 0.084746 0.000000 0
2 0.305556 0.708333 0.084746 0.041667 0
9 0.138889 0.583333 0.101695 0.041667 0
0 0.138889 0.416667 0.067797 0.000000 0
1 0.000000 0.416667 0.016949 0.000000 0
4 0.416667 0.833333 0.033898 0.041667 0
4 0.388889 1.000000 0.084746 0.125000 0
2 0.305556 0.791667 0.050847 0.125000 0
4 0.222222 0.625000 0.067797 0.083333 0
7 0.388889 0.750000 0.118644 0.083333 0
6 0.222222 0.750000 0.084746 0.083333 0
8 0.305556 0.583333 0.118644 0.041667 0
4 0.222222 0.708333 0.084746 0.125000 0
5 0.083333 0.666667 0.000000 0.041667 0
6 0.222222 0.541667 0.118644 0.166667 0
3 0.138889 0.583333 0.152542 0.041667 0
7 0.194444 0.416667 0.101695 0.041667 0
9 0.194444 0.583333 0.101695 0.125000 0
0 0.250000 0.625000 0.084746 0.041667 0
5 0.250000 0.583333 0.067797 0.041667 0
0 0.111111 0.500000 0.101695 0.041667 0
4 0.138889 0.458333 0.101695 0.041667 0
2 0.305556 0.583333 0.084746 0.125000 0
1 0.250000 0.875000 0.084746 0.000000 0
0 0.333333 0.916667 0.067797 0.041667 0
9 0.166667 0.458333 0.084746 0.000000 0
5 0.194444 0.500000 0.033898 0.041667 0
8 0.333333 0.625000 0.050847 0.041667 0
3 0.166667 0.458333 0.084746 0.000000 0
9 0.027778 0.416667 0.050847 0.041667 0
5 0.222222 0.583333 0.084746 0.041667 0
7 0.194444 0.625000 0.050847 0.083333 0
3 0.055556 0.125000 0.050847 0.083333 0
6 0.027778 0.500000 0.050847 0.041667 0
3 0.194444 0.625000 0.101695 0.208333 0
6 0.222222 0.750000 0.152542 0.125000 0
1 0.138889 0.416667 0.067797 0.083333 0
8 0.222222 0.750000 0.101695 0.041667 0
5 0.083333 0.500000 0.067797 0.041667 0
8 0.277778 0.708333 0.084746 0.041667 0
2 0.194444 0.541667 0.067797 0.041667 0
5 0.750000 0.500000 0.627119 0.541667 1
6 0.583333 0.500000 0.593220 0.583333 1
9 0.722222 0.458333 0.661017 0.583333 1
1 0.333333 0.125000 0.508475 0.500000 1
8 0.611111 0.333333 0.610169 0.583333 1
7 0.388889 0.333333 0.593220 0.500000 1
1 0.555556 0.541667 0.627119 0.625000 1
8 0.166667 0.166667 0.389831 0.375000 1
9 0.638889 0.375000 0.610169 0.500000 1
7 0.250000 0.291667 0.491525 0.541667 1
3 0.194444 0.000000 0.423729 0.375000 1
8 0.444444 0.416667 0.542373 0.583333 1
6 0.472222 0.083333 0.508475 0.375000 1
0 0.500000 0.375000 0.627119 0.541667 1
2 0.361111 0.375000 0.440678 0.500000 1
1 0.666667 0.458333 0.576271 0.541667 1
5 0.361111 0.416667 0.593220 0.583333 1
6 0.416667 0.291667 0.525424 0.375000 1
0 0.527778 0.083333 0.593220 0.583333 1
9 0.361111 0.208333 0.491525 0.416667 1
4 0.444444 0.500000 0.644068 0.708333 1
1 0.500000 0.333333 0.508475 0.500000 1
2 0.555556 0.208333 0.661017 0.583333 1
0 0.500000 0.333333 0.627119 0.458333 1
8 0.583333 0.375000 0.559322 0.500000 1
6 0.638889 0.416667 0.576271 0.541667 1
4 0.694444 0.333333 0.644068 0.541667 1
5 0.666667 0.416667 0.677966 0.666667 1
4 0.472222 0.375000 0.593220 0.583333 1
7 0.388889 0.250000 0.423729 0.375000 1
0 0.333333 0.166667 0.474576 0.416667 1
3 0.333333 0.166667 0.457627 0.375000 1
5 0.416667 0.291667 0.491525 0.458333 1
5 0.472222 0.291667 0.694915 0.625000 1
9 0.305556 0.416667 0.593220 0.583333 1
0 0.472222 0.583333 0.593220 0.625000 1
8 0.666667 0.458333 0.627119 0.583333 1
7 0.555556 0.125000 0.576271 0.500000 1
2 0.361111 0.416667 0.525424 0.500000 1
4 0.333333 0.208333 0.508475 0.500000 1
6 0.333333 0.250000 0.576271 0.458333 1
2 0.500000 0.416667 0.610169 0.541667 1
3 0.416667 0.250000 0.508475 0.458333 1
7 0.194444 0.125000 0.389831 0.375000 1
2 0.361111 0.291667 0.542373 0.500000 1
1 0.388889 0.416667 0.542373 0.458333 1
3 0.388889 0.375000 0.542373 0.500000 1
3 0.527778 0.375000 0.559322 0.500000 1
9 0.222222 0.208333 0.338983 0.416667 1
4 0.388889 0.333333 0.525424 0.500000 1
9 0.555556 0.541667 0.847458 1.000000 2
4 0.416667 0.291667 0.694915 0.750000 2
1 0.777778 0.416667 0.830508 0.833333 2
6 0.555556 0.375000 0.779661 0.708333 2
7 0.611111 0.416667 0.813559 0.875000 2
5 0.916667 0.416667 0.949153 0.833333 2
5 0.166667 0.208333 0.593220 0.666667 2
7 0.833333 0.375000 0.898305 0.708333 2
1 0.666667 0.208333 0.813559 0.708333 2
9 0.805556 0.666667 0.864407 1.000000 2
6 0.611111 0.500000 0.694915 0.791667 2
2 0.583333 0.291667 0.728814 0.750000 2
5 0.694444 0.416667 0.762712 0.833333 2
2 0.388889 0.208333 0.677966 0.791667 2
7 0.416667 0.333333 0.694915 0.958333 2
3 0.583333 0.500000 0.728814 0.916667 2
6 0.611111 0.416667 0.762712 0.708333 2
1 0.944444 0.750000 0.966102 0.875000 2
8 0.944444 0.250000 1.000000 0.916667 2
8 0.472222 0.083333 0.677966 0.583333 2
4 0.722222 0.500000 0.796610 0.916667 2
4 0.361111 0.333333 0.661017 0.791667 2
7 0.944444 0.333333 0.966102 0.791667 2
0 0.555556 0.291667 0.661017 0.708333 2
2 0.666667 0.541667 0.796610 0.833333 2
0 0.805556 0.500000 0.847458 0.708333 2
0 0.527778 0.333333 0.644068 0.708333 2
8 0.500000 0.416667 0.661017 0.708333 2
1 0.583333 0.333333 0.779661 0.833333 2
8 0.805556 0.416667 0.813559 0.625000 2
6 0.861111 0.333333 0.864407 0.750000 2
3 1.000000 0.750000 0.915254 0.791667 2
9 0.583333 0.333333 0.779661 0.875000 2
4 0.555556 0.333333 0.694915 0.583333 2
9 0.500000 0.250000 0.779661 0.541667 2
3 0.944444 0.416667 0.864407 0.916667 2
2 0.555556 0.583333 0.779661 0.958333 2
1 0.583333 0.458333 0.762712 0.708333 2
6 0.472222 0.416667 0.644068 0.708333 2
3 0.722222 0.458333 0.745763 0.833333 2
9 0.666667 0.458333 0.779661 0.958333 2
8 0.722222 0.458333 0.694915 0.916667 2
0 0.416667 0.291667 0.694915 0.750000 2
3 0.694444 0.500000 0.830508 0.916667 2
5 0.666667 0.541667 0.796610 1.000000 2
4 0.666667 0.416667 0.711864 0.916667 2
0 0.555556 0.208333 0.677966 0.750000 2
7 0.611111 0.416667 0.711864 0.791667 2
2 0.527778 0.583333 0.745763 0.916667 2
5 0.444444 0.416667 0.694915 0.708333 2
