150 2 3
15 15 15 15 15 15 15 15 15 15
8 0.067797 0.041667 0
1 0.067797 0.041667 0
0 0.050847 0.041667 0
5 0.084746 0.041667 0
3 0.067797 0.041667 0
9 0.118644 0.125000 0
7 0.067797 0.083333 0
4 0.084746 0.041667 0
8 0.067797 0.041667 0
9 0.084746 0.000000 0
3 0.084746 0.041667 0
4 0.101695 0.041667 0
0 0.067797 0.000000 0
2 0.016949 0.000000 0
6 0.033898 0.041667 0
6 0.084746 0.125000 0
1 0.050847 0.125000 0
7 0.067797 0.083333 0
3 0.118644 0.083333 0
2 0.084746 0.083333 0
6 0.118644 0.041667 0
5 0.084746 0.125000 0
8 0.000000 0.041667 0
3 0.118644 0.166667 0
4 0.152542 0.041667 0
0 0.101695 0.041667 0
2 0.101695 0.125000 0
2 0.084746 0.041667 0
7 0.067797 0.041667 0
8 0.101695 0.041667 0
2 0.101695 0.041667 0
1 0.084746 0.125000 0
8 0.084746 0.000000 0
0 0.067797 0.041667 0
5 0.084746 0.000000 0
0 0.033898 0.041667 0
9 0.050847 0.041667 0
7 0.084746 0.000000 0
1 0.050847 0.041667 0
4 0.084746 0.041667 0
9 0.050847 0.083333 0
7 0.050847 0.083333 0
6 0.050847 0.041667 0
5 0.101695 0.208333 0
9 0.152542 0.125000 0
5 0.067797 0.083333 0
3 0.101695 0.041667 0
6 0.067797 0.041667 0
4 0.084746 0.041667 0
1 0.067797 0.041667 0
5 0.627119 0.541667 1
7 0.593220 0.583333 1
3 0.661017 0.583333 1
1 0.508475 0.500000 1
9 0.610169 0.583333 1
6 0.593220 0.500000 1
1 0.627119 0.625000 1
8 0.389831 0.375000 1
8 0.610169 0.500000 1
9 0.491525 0.541667 1
5 0.423729 0.375000 1
7 0.542373 0.583333 1
9 0.508475 0.375000 1
2 0.627119 0.541667 1
5 0.440678 0.500000 1
6 0.576271 0.541667 1
3 0.593220 0.583333 1
7 0.525424 0.375000 1
4 0.593220 0.583333 1
0 0.491525 0.416667 1
1 0.644068 0.708333 1
0 0.508475 0.500000 1
0 0.661017 0.583333 1
3 0.627119 0.458333 1
1 0.559322 0.500000 1
6 0.576271 0.541667 1
2 0.644068 0.541667 1
7 0.677966 0.666667 1
8 0.593220 0.583333 1
4 0.423729 0.375000 1
2 0.474576 0.416667 1
3 0.457627 0.375000 1
6 0.491525 0.458333 1
4 0.694915 0.625000 1
2 0.593220 0.583333 1
4 0.593220 0.625000 1
0 0.627119 0.583333 1
7 0.576271 0.500000 1
5 0.525424 0.500000 1
0 0.508475 0.500000 1
5 0.576271 0.458333 1
8 0.610169 0.541667 1
1 0.508475 0.458333 1
8 0.389831 0.375000 1
3 0.542373 0.500000 1
9 0.542373 0.458333 1
6 0.542373 0.500000 1
9 0.559322 0.500000 1
4 0.338983 0.416667 1
2 0.525424 0.500000 1
6 0.847458 1.000000 2
4 0.694915 0.750000 2
7 0.830508 0.833333 2
8 0.779661 0.708333 2
3 0.813559 0.875000 2
6 0.949153 0.833333 2
2 0.593220 0.666667 2
1 0.898305 0.708333 2
9 0.813559 0.708333 2
7 0.864407 1.000000 2
2 0.694915 0.791667 2
3 0.728814 0.750000 2
1 0.762712 0.833333 2
0 0.677966 0.791667 2
5 0.694915 0.958333 2
8 0.728814 0.916667 2
9 0.762712 0.708333 2
4 0.966102 0.875000 2
4 1.000000 0.916667 2
7 0.677966 0.583333 2
8 0.796610 0.916667 2
5 0.661017 0.791667 2
8 0.966102 0.791667 2
8 0.661017 0.708333 2
9 0.796610 0.833333 2
4 0.847458 0.708333 2
3 0.644068 0.708333 2
7 0.661017 0.708333 2
9 0.779661 0.833333 2
9 0.813559 0.625000 2
2 0.864407 0.750000 2
0 0.915254 0.791667 2
2 0.779661 0.875000 2
6 0.694915 0.583333 2
7 0.779661 0.541667 2
5 0.864407 0.916667 2
3 0.779661 0.958333 2
2 0.762712 0.708333 2
6 0.644068 0.708333 2
0 0.745763 0.833333 2
1 0.779661 0.958333 2
1 0.694915 0.916667 2
3 0.694915 0.750000 2
5 0.830508 0.916667 2
6 0.796610 1.000000 2
5 0.711864 0.916667 2
0 0.677966 0.750000 2
1 0.711864 0.791667 2
0 0.745763 0.916667 2
4 0.694915 0.708333 2
