683 9 2
68 69 68 69 68 68 69 68 68 68
0 0.444444 0.000000 0.000000 0.000000 0.111111 0.000000 0.222222 0.000000 0.000000 0
5 0.444444 0.333333 0.333333 0.444444 0.666667 1.000000 0.222222 0.111111 0.000000 0
4 0.222222 0.000000 0.000000 0.000000 0.111111 0.111111 0.222222 0.000000 0.000000 0
7 0.555556 0.777778 0.777778 0.000000 0.222222 0.333333 0.222222 0.666667 0.000000 0
8 0.333333 0.000000 0.000000 0.222222 0.111111 0.000000 0.222222 0.000000 0.000000 0
4 0.777778 1.000000 1.000000 0.777778 0.666667 1.000000 0.888889 0.666667 0.000000 1
6 0.000000 0.000000 0.000000 0.000000 0.111111 1.000000 0.222222 0.000000 0.000000 0
0 0.111111 0.000000 0.111111 0.000000 0.111111 0.000000 0.222222 0.000000 0.000000 0
8 0.111111 0.000000 0.000000 0.000000 0.111111 0.000000 0.000000 0.000000 0.444444 0
5 0.333333 0.111111 0.000000 0.000000 0.111111 0.000000 0.111111 0.000000 0.000000 0
9 0.000000 0.000000 0.000000 0.000000 0.000000 0.000000 0.222222 0.000000 0.000000 0
9 0.111111 0.000000 0.000000 0.000000 0.111111 0.000000 0.111111 0.000000 0.000000 0
1 0.444444 0.222222 0.222222 0.222222 0.111111 0.222222 0.333333 0.333333 0.000000 1
3 0.777778 0.666667 0.444444 1.000000 0.666667 0.888889 0.444444 0.444444 0.333333 1
4 0.666667 0.333333 0.555556 0.333333 0.555556 0.000000 0.333333 0.222222 0.000000 1
7 0.333333 0.000000 0.000000 0.000000 0.111111 0.000000 0.111111 0.000000 0.000000 0
6 0.333333 0.000000 0.000000 0.000000 0.111111 0.000000 0.222222 0.000000 0.000000 0
2 1.000000 0.666667 0.666667 0.555556 0.333333 1.000000 0.333333 0.000000 0.111111 1
8 0.555556 0.000000 0.000000 0.000000 0.111111 0.000000 0.222222 0.000000 0.000000 0
1 0.666667 0.222222 0.111111 1.000000 0.444444 1.000000 0.444444 0.333333 0.333333 1
9 1.000000 0.444444 0.444444 0.222222 0.555556 0.666667 0.666667 1.000000 0.000000 1
6 0.222222 0.000000 0.000000 0.000000 0.111111 0.000000 0.111111 0.000000 0.000000 0
6 0.000000 0.000000 0.000000 0.000000 0.111111 0.000000 0.222222 0.000000 0.000000 0
0 0.444444 0.111111 0.222222 0.333333 0.111111 0.666667 0.222222 0.555556 0.000000 1
5 0.222222 0.111111 0.000000 0.000000 0.000000 0.000000 0.111111 0.000000 0.000000 0
4 0.444444 0.000000 0.000000 0.000000 0.111111 0.000000 0.111111 0.000000 0.000000 0
8 0.111111 0.000000 0.000000 0.000000 0.111111 0.000000 0.111111 0.000000 0.000000 0
3 0.000000 0.000000 0.222222 0.000000 0.111111 0.000000 0.000000 0.000000 0.000000 0
2 0.222222 0.000000 0.000000 0.000000 0.000000 0.000000 0.111111 0.000000 0.000000 0
1 0.111111 0.000000 0.000000 0.000000 0.111111 0.000000 0.222222 0.000000 0.000000 0
3 1.000000 0.666667 0.666667 0.222222 0.777778 0.444444 0.666667 0.333333 0.222222 1
3 0.111111 0.000000 0.000000 0.111111 0.111111 0.000000 0.222222 0.000000 0.000000 0
6 0.222222 0.000000 0.111111 0.000000 0.111111 0.000000 0.111111 0.000000 0.000000 0
2 1.000000 1.000000 1.000000 0.777778 0.555556 0.000000 0.777778 0.888889 0.000000 1
9 0.555556 0.111111 0.000000 0.000000 0.000000 0.000000 0.666667 0.000000 0.000000 0
6 0.444444 0.333333 0.333333 0.888889 0.111111 1.000000 0.444444 0.555556 0.000000 1
0 0.111111 0.444444 0.222222 0.222222 0.555556 0.666667 0.666667 0.444444 0.000000 1
1 1.000000 0.333333 0.222222 0.000000 0.222222 0.222222 0.555556 0.444444 0.111111 1
4 0.555556 1.000000 1.000000 0.111111 0.777778 1.000000 0.666667 0.222222 0.222222 1
5 1.000000 1.000000 1.000000 0.333333 0.777778 0.000000 0.777778 1.000000 0.000000 1
5 0.000000 0.000000 0.000000 0.000000 0.111111 0.000000 0.111111 0.000000 0.111111 0
0 0.222222 0.666667 0.666667 0.333333 0.333333 0.888889 0.333333 0.777778 0.000000 1
9 0.000000 0.000000 0.000000 0.000000 0.111111 0.000000 0.111111 0.000000 0.000000 0
9 0.333333 0.000000 0.000000 0.222222 0.111111 0.000000 0.222222 0.000000 0.000000 0
9 0.666667 0.777778 0.666667 0.111111 0.333333 0.777778 0.222222 0.777778 0.111111 1
9 0.888889 0.444444 0.777778 0.000000 0.111111 0.222222 0.111111 0.000000 0.444444 1
0 0.444444 0.222222 0.222222 0.333333 0.111111 0.333333 0.222222 0.333333 0.000000 1
8 1.000000 0.222222 0.555556 0.111111 0.222222 0.444444 0.333333 1.000000 0.111111 1
2 0.444444 0.444444 0.444444 0.777778 1.000000 0.777778 0.666667 0.222222 0.666667 1
4 1.000000 0.444444 0.444444 0.555556 0.777778 0.777778 0.666667 0.000000 0.000000 1
2 1.000000 0.555556 0.555556 0.222222 0.333333 0.444444 0.222222 0.555556 0.000000 1
0 0.777778 1.000000 1.000000 0.000000 0.222222 0.555556 0.222222 0.888889 0.000000 1
4 0.777778 0.111111 0.333333 0.000000 0.444444 0.000000 0.444444 0.333333 0.333333 1
2 0.444444 0.111111 0.222222 0.000000 0.555556 1.000000 0.444444 0.000000 0.000000 1
8 0.888889 0.444444 0.444444 0.111111 0.111111 0.111111 0.444444 0.000000 0.000000 1
7 0.444444 0.222222 0.444444 0.444444 0.222222 0.222222 0.333333 1.000000 0.000000 1
3 0.888889 1.000000 1.000000 0.000000 1.000000 0.777778 0.222222 0.222222 0.000000 1
2 0.555556 0.222222 0.333333 0.000000 0.444444 0.111111 0.222222 0.888889 0.000000 1
5 0.000000 0.000000 0.000000 0.000000 0.111111 0.000000 0.111111 0.000000 0.000000 0
7 1.000000 0.333333 0.111111 0.000000 0.222222 0.111111 0.333333 0.222222 1.000000 1
9 0.333333 0.000000 0.000000 0.000000 0.111111 0.000000 0.222222 0.000000 0.000000 0
8 0.444444 0.222222 0.333333 0.000000 0.777778 1.000000 0.333333 0.888889 0.000000 1
4 0.777778 0.222222 0.777778 0.222222 0.333333 0.888889 0.777778 0.888889 0.777778 1
1 0.000000 0.000000 0.000000 0.000000 0.111111 0.000000 0.222222 0.111111 0.000000 0
0 0.444444 0.000000 0.222222 0.000000 0.111111 0.000000 0.111111 0.000000 0.000000 0
7 0.555556 1.000000 0.111111 0.777778 1.000000 0.111111 0.666667 0.777778 1.000000 1
3 0.000000 0.222222 0.222222 0.111111 0.111111 0.000000 0.666667 0.111111 0.000000 0
4 1.000000 0.555556 0.333333 0.000000 0.222222 0.333333 0.222222 0.111111 0.222222 1
8 0.000000 0.000000 0.111111 0.000000 0.111111 0.111111 0.333333 0.111111 0.000000 0
7 0.000000 0.000000 0.333333 0.000000 0.111111 0.000000 0.111111 0.000000 0.000000 0
3 0.444444 0.222222 0.000000 0.111111 0.111111 0.000000 0.111111 0.000000 0.000000 0
6 0.222222 0.000000 0.000000 0.000000 0.111111 0.222222 0.222222 0.000000 0.000000 0
2 0.111111 0.000000 0.000000 0.000000 0.222222 0.000000 0.111111 0.000000 0.000000 0
2 0.111111 0.111111 0.111111 0.000000 0.000000 0.000000 0.666667 0.000000 0.000000 0
1 0.444444 0.111111 0.000000 0.000000 0.111111 0.000000 0.222222 0.000000 0.000000 0
6 0.222222 0.000000 0.000000 0.000000 0.111111 0.111111 0.666667 0.000000 0.000000 0
1 0.222222 0.444444 0.666667 0.777778 0.777778 0.888889 0.666667 1.000000 0.666667 1
2 0.444444 1.000000 0.555556 0.000000 1.000000 0.333333 0.333333 1.000000 1.000000 1
4 0.222222 0.222222 0.555556 0.333333 0.444444 0.777778 0.333333 0.333333 0.000000 1
1 0.222222 0.555556 0.555556 0.555556 0.444444 1.000000 0.555556 0.777778 0.222222 1
7 0.333333 0.000000 0.000000 0.000000 0.111111 0.000000 0.222222 0.000000 0.000000 0
9 0.111111 0.000000 0.000000 0.111111 0.222222 0.000000 0.111111 0.000000 0.000000 0
9 0.000000 0.000000 0.000000 0.000000 0.111111 0.000000 0.222222 0.000000 0.000000 0
5 0.222222 0.000000 0.000000 0.111111 0.111111 0.000000 0.000000 0.000000 0.000000 0
4 0.333333 0.000000 0.000000 0.000000 0.111111 0.000000 0.222222 0.000000 0.000000 0
7 0.000000 0.000000 0.000000 0.000000 0.111111 0.000000 0.111111 0.000000 0.000000 0
1 0.111111 0.000000 0.000000 0.000000 0.111111 0.000000 0.222222 0.000000 0.000000 0
4 0.000000 0.000000 0.000000 0.000000 0.111111 0.000000 0.222222 0.000000 0.000000 0
5 0.111111 0.000000 0.000000 0.111111 0.111111 0.000000 0.000000 0.000000 0.000000 0
4 0.444444 0.000000 0.000000 0.000000 0.111111 0.000000 0.222222 0.000000 0.000000 0
5 0.888889 0.555556 0.888889 0.111111 1.000000 0.555556 0.111111 0.888889 1.000000 1
4 0.666667 0.444444 0.555556 1.000000 0.444444 1.000000 0.666667 0.888889 0.333333 1
8 1.000000 0.222222 0.444444 0.000000 1.000000 0.444444 0.222222 1.000000 0.111111 1
3 0.111111 0.222222 0.333333 0.333333 0.111111 0.444444 0.111111 0.444444 0.000000 1
8 0.333333 0.000000 0.111111 0.000000 0.111111 0.000000 0.222222 0.000000 0.000000 0
7 0.777778 0.111111 0.222222 0.000000 0.555556 0.222222 0.666667 0.000000 0.000000 1
5 1.000000 1.000000 1.000000 0.777778 0.111111 1.000000 0.333333 0.000000 0.000000 1
9 0.000000 0.555556 0.777778 1.000000 0.777778 1.000000 0.444444 0.666667 0.000000 1
4 0.000000 0.000000 0.000000 0.000000 0.111111 0.000000 0.111111 0.222222 0.000000 0
3 0.555556 0.444444 0.333333 0.333333 0.222222 0.888889 0.666667 0.777778 0.222222 1
0 0.000000 0.222222 0.000000 0.111111 0.111111 0.111111 0.444444 0.222222 0.111111 0
3 0.777778 0.555556 0.333333 0.222222 0.444444 0.888889 0.222222 0.000000 0.000000 1
2 1.000000 0.222222 0.222222 1.000000 0.111111 1.000000 0.666667 0.222222 0.222222 1
8 1.000000 1.000000 1.000000 0.222222 1.000000 0.777778 0.777778 0.000000 0.000000 1
2 0.222222 0.222222 0.111111 0.000000 0.111111 0.222222 0.222222 0.000000 0.000000 0
7 0.000000 0.000000 0.000000 0.000000 0.111111 0.444444 0.000000 0.000000 0.000000 0
7 0.777778 0.222222 0.222222 0.000000 0.111111 0.111111 0.222222 0.111111 0.000000 0
6 0.333333 0.444444 0.444444 1.000000 0.333333 1.000000 0.666667 0.444444 0.777778 1
7 0.000000 0.000000 0.000000 0.000000 0.333333 0.222222 0.000000 0.000000 0.000000 0
5 0.222222 0.111111 0.000000 0.000000 0.111111 0.111111 0.222222 0.000000 0.000000 0
5 0.000000 0.000000 0.111111 0.111111 0.111111 0.000000 0.222222 0.000000 0.000000 0
5 0.333333 0.111111 0.000000 0.000000 0.111111 0.111111 0.222222 0.000000 0.000000 0
3 1.000000 1.000000 1.000000 0.111111 1.000000 1.000000 0.444444 0.222222 0.222222 1
6 0.444444 0.333333 0.555556 0.666667 0.888889 0.666667 0.777778 1.000000 0.000000 1
8 0.000000 0.000000 0.000000 0.000000 0.111111 0.000000 0.111111 0.000000 0.000000 0
0 0.666667 0.444444 0.222222 0.666667 0.333333 1.000000 0.666667 0.444444 0.444444 1
9 0.222222 0.000000 0.000000 0.000000 0.111111 0.000000 0.222222 0.000000 0.000000 0
7 0.777778 0.222222 0.444444 0.333333 0.444444 1.000000 0.000000 0.555556 0.111111 1
4 0.000000 0.000000 0.000000 0.000000 1.000000 0.000000 0.000000 0.000000 0.000000 0
4 0.444444 0.000000 0.222222 0.000000 0.111111 0.000000 0.111111 0.000000 0.000000 0
1 0.111111 0.000000 0.000000 0.000000 0.111111 0.000000 0.222222 0.000000 0.000000 0
4 0.444444 1.000000 0.777778 1.000000 0.777778 1.000000 0.222222 0.555556 0.222222 1
9 0.222222 0.000000 0.000000 0.000000 0.111111 0.000000 0.111111 0.111111 0.000000 0
3 0.222222 0.000000 0.000000 0.000000 0.222222 0.000000 0.111111 0.000000 0.000000 0
1 0.444444 0.000000 0.000000 0.000000 0.111111 0.111111 0.222222 0.222222 0.000000 0
2 0.222222 0.000000 0.000000 0.000000 0.111111 0.000000 0.000000 0.000000 0.000000 0
3 0.333333 0.000000 0.111111 0.000000 0.111111 0.000000 0.111111 0.000000 0.000000 0
3 0.222222 0.000000 0.000000 0.000000 0.111111 0.000000 0.000000 0.000000 0.000000 0
7 0.111111 0.000000 0.000000 0.000000 0.111111 0.000000 0.000000 0.000000 0.000000 0
8 0.888889 0.444444 0.444444 0.333333 0.333333 0.444444 0.333333 0.222222 0.222222 1
2 0.111111 0.000000 0.000000 0.000000 0.111111 0.000000 0.111111 0.000000 0.000000 0
1 0.222222 0.333333 0.444444 0.111111 0.555556 0.777778 0.333333 0.000000 0.000000 1
0 0.000000 0.000000 0.000000 0.000000 0.222222 0.111111 0.111111 0.000000 0.000000 0
3 0.777778 0.777778 0.666667 0.333333 1.000000 1.000000 0.666667 0.777778 0.666667 1
5 0.000000 0.000000 0.000000 0.000000 0.000000 0.000000 0.222222 0.000000 0.000000 0
7 0.666667 0.111111 0.333333 0.000000 0.555556 1.000000 0.444444 0.333333 0.222222 1
2 1.000000 1.000000 0.777778 0.555556 0.333333 0.444444 0.777778 1.000000 0.000000 1
2 0.333333 0.000000 0.000000 0.000000 0.111111 0.222222 0.000000 0.000000 0.000000 0
0 0.000000 0.000000 0.000000 0.000000 0.111111 0.000000 0.000000 0.000000 0.000000 0
7 0.444444 0.444444 0.444444 0.555556 0.222222 1.000000 0.222222 0.000000 0.000000 1
9 0.000000 0.111111 0.111111 0.000000 0.111111 0.000000 0.111111 0.000000 0.000000 0
9 0.111111 0.000000 0.000000 0.000000 0.111111 0.000000 0.222222 0.000000 0.000000 0
2 0.888889 0.888889 1.000000 0.222222 0.555556 1.000000 0.666667 1.000000 0.555556 1
2 1.000000 0.666667 0.666667 0.333333 0.444444 1.000000 0.444444 0.666667 0.111111 1
6 0.333333 0.000000 0.000000 0.000000 0.111111 0.000000 0.222222 0.111111 0.000000 0
8 0.222222 0.000000 0.000000 0.000000 0.111111 0.000000 0.222222 0.000000 0.000000 0
5 0.000000 0.000000 0.000000 0.111111 0.000000 0.222222 0.000000 0.000000 0.666667 0
4 0.333333 0.000000 0.000000 0.000000 0.111111 0.111111 0.222222 0.111111 0.000000 0
5 0.444444 0.555556 0.666667 0.777778 0.777778 1.000000 0.222222 1.000000 0.222222 1
8 0.222222 0.000000 0.000000 0.000000 0.111111 0.000000 0.222222 0.000000 0.000000 0
7 0.000000 0.000000 0.000000 0.111111 0.000000 0.000000 0.000000 0.000000 0.000000 0
2 0.222222 0.000000 0.000000 0.000000 0.111111 0.000000 0.000000 0.000000 0.000000 0
9 0.000000 0.000000 0.000000 0.000000 0.111111 0.000000 0.222222 0.000000 0.000000 0
4 0.000000 0.000000 0.000000 0.000000 0.111111 0.000000 0.111111 0.000000 0.000000 0
0 0.555556 1.000000 1.000000 1.000000 0.777778 1.000000 1.000000 1.000000 0.666667 1
9 0.777778 0.555556 0.444444 0.333333 0.222222 1.000000 0.555556 0.000000 0.000000 1
1 0.444444 0.777778 0.666667 0.666667 1.000000 1.000000 0.444444 0.666667 0.000000 1
8 0.111111 0.000000 0.000000 0.000000 0.111111 0.000000 0.222222 0.000000 0.000000 0
8 0.444444 1.000000 1.000000 0.222222 0.777778 0.000000 0.444444 1.000000 0.222222 1
4 0.333333 0.000000 0.000000 0.000000 0.111111 0.000000 0.222222 0.000000 0.000000 0
5 0.444444 0.222222 0.222222 0.222222 0.555556 1.000000 0.222222 0.000000 0.000000 1
7 0.000000 0.000000 0.000000 0.000000 0.000000 0.000000 0.222222 0.000000 0.000000 0
9 0.000000 0.000000 0.000000 0.000000 0.111111 0.000000 0.000000 0.000000 0.000000 0
9 0.555556 0.000000 0.000000 0.000000 0.111111 0.000000 0.222222 0.000000 0.000000 0
7 0.444444 0.777778 0.777778 0.777778 0.444444 1.000000 0.666667 0.777778 0.000000 1
9 0.000000 0.444444 0.777778 0.555556 0.444444 0.777778 0.666667 1.000000 0.000000 1
8 1.000000 0.444444 0.555556 1.000000 0.555556 1.000000 0.666667 0.666667 1.000000 1
7 0.444444 0.777778 0.333333 1.000000 0.444444 0.777778 0.888889 1.000000 0.000000 1
5 0.000000 0.111111 0.222222 0.000000 0.111111 0.000000 0.222222 0.000000 0.000000 0
8 1.000000 1.000000 1.000000 0.777778 0.555556 0.777778 0.666667 1.000000 0.000000 1
9 0.666667 0.444444 1.000000 1.000000 1.000000 1.000000 0.333333 1.000000 0.222222 1
3 0.444444 0.000000 0.000000 0.000000 0.111111 0.000000 0.111111 0.000000 0.000000 0
3 0.000000 0.000000 0.000000 0.000000 0.111111 0.000000 0.222222 0.000000 0.000000 0
9 0.222222 0.000000 0.000000 0.000000 0.111111 0.000000 0.222222 0.000000 0.000000 0
7 0.333333 0.000000 0.000000 0.000000 0.111111 0.000000 0.222222 0.000000 0.000000 0
0 0.444444 0.000000 0.000000 0.333333 0.111111 0.000000 0.222222 0.000000 0.000000 0
3 0.222222 0.000000 0.000000 0.000000 0.111111 0.000000 0.111111 0.000000 0.000000 0
1 0.888889 0.666667 0.666667 0.444444 0.444444 1.000000 0.666667 0.777778 0.222222 1
2 1.000000 0.777778 0.777778 0.333333 1.000000 1.000000 0.777778 0.000000 0.000000 1
0 0.000000 0.000000 0.000000 0.000000 0.111111 0.000000 0.222222 0.000000 0.000000 0
0 0.444444 0.000000 0.000000 0.000000 0.111111 0.000000 0.222222 0.000000 0.000000 0
1 0.000000 0.000000 0.000000 0.000000 0.111111 0.000000 0.222222 0.000000 0.000000 0
9 0.444444 1.000000 1.000000 0.888889 0.555556 1.000000 0.666667 1.000000 0.444444 1
2 1.000000 1.000000 0.888889 0.222222 0.666667 0.444444 0.222222 0.444444 0.000000 1
9 0.000000 0.000000 0.000000 0.000000 0.000000 0.000000 0.222222 0.000000 0.000000 0
5 0.444444 0.000000 0.000000 0.000000 0.000000 0.000000 0.222222 0.000000 0.000000 0
1 0.777778 1.000000 1.000000 1.000000 0.444444 1.000000 0.777778 1.000000 0.555556 1
1 0.777778 1.000000 0.777778 0.777778 0.333333 0.777778 0.666667 0.666667 0.000000 1
2 0.000000 0.000000 0.000000 0.000000 0.111111 0.000000 0.222222 0.000000 0.000000 0
5 1.000000 1.000000 1.000000 1.000000 0.666667 1.000000 0.666667 1.000000 0.333333 1
9 1.000000 1.000000 1.000000 1.000000 0.222222 1.000000 1.000000 0.555556 0.000000 1
6 0.777778 0.666667 0.777778 0.666667 0.444444 0.444444 0.444444 1.000000 0.111111 1
6 0.000000 0.000000 0.000000 0.000000 0.111111 0.000000 0.111111 0.000000 0.000000 0
1 0.000000 0.000000 0.000000 0.000000 0.111111 0.000000 0.222222 0.000000 0.000000 0
1 0.555556 1.000000 0.666667 0.666667 0.555556 0.333333 0.777778 1.000000 0.111111 1
0 0.555556 0.000000 0.222222 0.000000 0.111111 0.000000 0.222222 0.000000 0.000000 0
3 0.000000 0.000000 0.000000 0.111111 0.111111 0.000000 0.222222 0.000000 0.000000 0
2 1.000000 0.555556 0.333333 0.222222 1.000000 1.000000 0.888889 1.000000 0.000000 1
2 0.333333 0.000000 0.000000 0.222222 0.000000 0.444444 0.111111 0.000000 0.000000 1
1 0.666667 0.444444 0.555556 0.222222 0.222222 0.777778 0.666667 0.333333 0.000000 1
9 1.000000 0.444444 0.444444 0.555556 0.222222 1.000000 0.666667 0.888889 0.111111 1
0 0.000000 0.000000 0.000000 0.000000 0.111111 0.000000 0.111111 0.000000 0.000000 0
4 1.000000 0.444444 0.666667 0.333333 0.333333 1.000000 0.777778 0.888889 0.000000 1
0 0.777778 0.888889 0.888889 0.444444 0.222222 0.444444 0.666667 0.666667 0.000000 1
5 0.000000 0.000000 0.000000 0.000000 0.000000 0.000000 0.222222 0.000000 0.000000 0
0 0.666667 0.333333 0.666667 0.333333 0.222222 0.666667 0.666667 0.555556 0.000000 1
4 0.555556 0.777778 0.666667 0.444444 0.555556 0.777778 0.777778 0.888889 0.111111 1
0 0.777778 0.333333 0.555556 0.222222 0.222222 0.000000 0.333333 0.222222 0.000000 0
6 1.000000 0.333333 0.444444 0.444444 0.444444 1.000000 0.333333 0.000000 0.000000 1
3 0.222222 0.222222 0.111111 0.000000 0.222222 0.000000 0.222222 0.555556 0.000000 0
6 1.000000 0.777778 0.777778 0.111111 0.777778 1.000000 0.333333 0.777778 1.000000 1
8 0.888889 0.777778 0.777778 0.444444 0.555556 0.111111 0.333333 1.000000 0.333333 1
5 0.777778 1.000000 1.000000 0.777778 0.555556 0.888889 0.222222 1.000000 1.000000 1
8 1.000000 0.333333 0.222222 0.111111 0.222222 1.000000 0.444444 0.222222 0.111111 1
4 0.444444 0.000000 0.222222 0.222222 0.111111 0.111111 0.111111 0.222222 0.000000 0
6 0.222222 0.000000 0.000000 0.222222 0.000000 0.000000 0.222222 0.000000 0.000000 0
6 0.111111 0.000000 0.000000 0.000000 0.111111 0.000000 0.222222 0.000000 0.000000 0
4 0.000000 0.000000 0.000000 0.000000 0.111111 0.444444 0.444444 0.000000 0.000000 0
6 0.000000 0.000000 0.000000 0.000000 0.111111 0.000000 0.222222 0.000000 0.000000 0
2 0.444444 0.000000 0.000000 0.111111 0.111111 0.111111 0.222222 0.000000 0.000000 0
0 0.777778 1.000000 1.000000 0.777778 0.444444 1.000000 0.666667 0.777778 0.000000 1
3 0.777778 0.333333 0.333333 0.000000 0.111111 0.888889 0.222222 0.222222 0.000000 1
6 0.333333 0.000000 0.000000 0.000000 0.111111 0.000000 0.222222 0.555556 0.000000 0
6 0.000000 0.111111 0.111111 0.000000 0.111111 0.000000 0.000000 0.000000 0.000000 0
0 1.000000 0.333333 0.333333 1.000000 0.111111 1.000000 0.444444 0.222222 0.222222 1
7 0.555556 0.222222 0.222222 0.444444 0.222222 1.000000 0.222222 0.444444 0.222222 0
0 0.555556 1.000000 1.000000 0.111111 0.777778 1.000000 0.666667 0.222222 0.222222 1
0 0.444444 0.555556 0.555556 0.111111 0.333333 1.000000 0.222222 0.555556 0.000000 1
3 0.222222 0.000000 0.000000 0.000000 0.111111 0.000000 0.000000 0.000000 0.000000 0
1 0.222222 0.000000 0.000000 0.000000 0.111111 0.000000 0.222222 0.000000 0.000000 0
0 0.444444 0.666667 0.666667 0.000000 0.444444 0.777778 0.222222 0.333333 0.000000 0
5 1.000000 0.444444 0.777778 1.000000 0.222222 1.000000 0.444444 0.000000 0.222222 1
3 0.444444 1.000000 1.000000 0.555556 1.000000 1.000000 1.000000 0.555556 0.444444 1
5 1.000000 0.333333 0.333333 1.000000 0.555556 1.000000 0.444444 0.444444 0.000000 1
8 0.666667 0.888889 0.333333 1.000000 1.000000 0.222222 0.444444 0.222222 0.222222 1
6 0.444444 0.000000 0.333333 0.000000 0.111111 0.000000 0.222222 0.111111 0.000000 0
6 1.000000 1.000000 0.555556 0.222222 0.222222 1.000000 0.333333 0.222222 0.111111 1
7 0.222222 0.222222 0.444444 0.111111 0.222222 1.000000 0.666667 0.000000 0.000000 1
8 1.000000 0.777778 0.777778 0.111111 0.222222 0.333333 0.777778 0.666667 0.777778 1
5 0.000000 0.000000 0.000000 0.000000 0.111111 0.000000 0.222222 0.000000 0.000000 0
9 0.777778 0.333333 0.666667 0.000000 0.222222 1.000000 0.222222 0.888889 0.111111 1
8 0.222222 0.222222 0.444444 0.111111 0.222222 1.000000 0.666667 0.000000 0.000000 1
2 0.666667 0.111111 0.333333 0.000000 0.222222 0.333333 0.222222 0.222222 0.000000 1
1 0.222222 0.000000 0.000000 0.000000 0.111111 0.000000 0.222222 0.111111 0.000000 0
5 0.222222 0.000000 0.000000 0.000000 0.111111 0.000000 0.111111 0.000000 0.000000 0
4 0.000000 0.000000 0.000000 0.000000 0.111111 0.000000 0.111111 0.000000 0.000000 0
3 1.000000 0.444444 0.666667 0.222222 0.222222 0.666667 0.222222 0.222222 0.777778 1
3 0.222222 0.000000 0.000000 0.000000 0.111111 0.000000 0.222222 0.000000 0.000000 0
2 0.111111 0.000000 0.000000 0.111111 0.111111 0.000000 0.222222 0.000000 0.000000 0
6 0.000000 0.333333 0.222222 1.000000 0.333333 1.000000 0.444444 0.555556 0.000000 1
3 1.000000 0.333333 0.555556 0.000000 0.111111 1.000000 0.444444 0.222222 0.000000 1
4 0.666667 0.333333 0.444444 1.000000 0.111111 1.000000 0.222222 0.777778 0.111111 1
2 0.777778 1.000000 1.000000 1.000000 0.777778 1.000000 1.000000 0.666667 0.222222 1
2 1.000000 1.000000 1.000000 1.000000 1.000000 1.000000 0.333333 1.000000 1.000000 1
8 0.222222 0.000000 0.000000 0.000000 0.222222 0.000000 0.111111 0.000000 0.000000 0
5 0.555556 0.000000 0.222222 0.000000 0.333333 0.444444 0.444444 1.000000 0.000000 1
8 0.444444 0.555556 0.555556 0.777778 0.555556 1.000000 0.333333 1.000000 0.333333 1
1 0.000000 0.000000 0.000000 0.000000 0.111111 0.000000 0.000000 0.000000 0.000000 0
0 0.000000 0.000000 0.000000 0.000000 0.111111 0.000000 0.222222 0.000000 0.000000 0
5 1.000000 0.333333 0.333333 0.555556 0.111111 1.000000 0.111111 0.222222 0.000000 1
0 0.444444 0.444444 0.666667 0.777778 0.555556 1.000000 0.666667 0.333333 0.000000 1
0 0.444444 0.222222 0.333333 0.222222 0.333333 0.444444 0.333333 0.666667 0.000000 0
2 0.777778 0.111111 0.000000 0.000000 0.444444 0.000000 0.000000 0.000000 0.000000 0
5 0.888889 0.000000 0.111111 0.555556 0.333333 1.000000 0.666667 0.666667 0.111111 1
6 0.000000 0.000000 0.000000 0.000000 0.111111 0.000000 0.222222 0.000000 0.000000 0
5 0.000000 0.000000 0.000000 0.000000 0.111111 0.000000 0.222222 0.000000 0.000000 0
4 0.777778 0.222222 0.333333 0.888889 0.222222 1.000000 0.222222 0.222222 0.000000 1
1 0.000000 0.000000 0.000000 0.000000 0.111111 0.000000 0.222222 0.000000 0.000000 0
3 0.000000 0.000000 0.000000 0.000000 0.111111 0.000000 0.222222 0.000000 0.000000 0
2 0.666667 0.777778 0.666667 0.555556 0.333333 0.222222 0.777778 0.777778 0.333333 1
9 0.111111 0.000000 0.000000 0.000000 0.222222 0.000000 0.111111 0.000000 0.000000 0
8 0.000000 0.000000 0.000000 0.000000 0.111111 0.000000 0.000000 0.000000 0.000000 0
5 0.777778 0.555556 0.333333 1.000000 1.000000 0.000000 0.222222 0.444444 0.000000 1
6 0.000000 0.000000 0.000000 0.000000 0.111111 0.000000 0.000000 0.000000 0.000000 0
0 0.000000 0.000000 0.000000 0.000000 0.000000 0.000000 0.111111 0.000000 0.000000 0
1 0.444444 0.444444 0.444444 0.111111 0.444444 1.000000 0.333333 0.222222 0.000000 1
7 0.555556 0.777778 0.666667 0.777778 0.555556 0.777778 0.777778 0.888889 0.000000 1
9 0.000000 0.000000 0.000000 0.000000 0.444444 0.000000 0.222222 0.000000 0.000000 0
3 0.333333 0.333333 0.333333 0.333333 0.555556 0.444444 0.666667 0.222222 0.000000 0
6 0.444444 0.333333 0.555556 1.000000 0.111111 1.000000 0.333333 0.000000 0.000000 1
2 0.000000 0.000000 0.000000 0.000000 0.111111 0.000000 0.222222 0.000000 0.000000 0
4 0.222222 0.111111 0.111111 0.000000 0.111111 0.000000 0.111111 0.222222 0.000000 0
7 1.000000 0.000000 0.000000 0.000000 0.111111 1.000000 0.444444 0.333333 0.000000 1
5 0.000000 0.000000 0.000000 0.000000 0.111111 0.000000 0.111111 0.000000 0.000000 0
9 0.777778 1.000000 0.222222 0.111111 0.555556 0.333333 0.222222 1.000000 0.000000 1
5 1.000000 0.333333 0.666667 0.111111 0.111111 0.777778 0.555556 0.000000 0.000000 1
0 0.444444 0.000000 0.000000 0.000000 0.111111 0.000000 0.222222 0.000000 0.111111 0
8 0.444444 0.111111 0.111111 0.111111 0.111111 0.000000 0.111111 0.111111 0.000000 0
9 0.444444 0.333333 0.555556 0.555556 0.333333 1.000000 0.333333 0.222222 0.000000 1
6 0.777778 0.555556 0.666667 0.222222 0.222222 1.000000 0.222222 0.333333 0.111111 1
4 0.000000 0.000000 0.000000 0.000000 0.111111 0.000000 0.000000 0.000000 0.000000 0
2 0.555556 0.444444 0.444444 0.777778 0.333333 1.000000 0.222222 0.333333 0.000000 1
6 0.000000 0.000000 0.000000 0.000000 0.111111 0.000000 0.222222 0.000000 0.000000 0
1 1.000000 0.222222 0.222222 0.000000 0.111111 1.000000 0.666667 0.555556 0.000000 1
9 0.000000 0.000000 0.000000 0.000000 0.111111 0.000000 0.222222 0.000000 0.000000 0
4 0.000000 0.000000 0.000000 0.000000 0.111111 0.000000 0.000000 0.000000 0.000000 0
0 0.666667 0.555556 0.333333 0.777778 1.000000 1.000000 0.888889 0.444444 0.222222 1
7 0.000000 0.000000 0.000000 0.000000 0.111111 0.000000 0.000000 0.000000 0.000000 0
3 0.444444 0.111111 0.111111 0.111111 0.222222 0.000000 0.000000 0.222222 0.000000 0
2 0.000000 0.000000 0.000000 0.000000 0.000000 0.000000 0.000000 0.222222 0.000000 0
5 0.222222 0.333333 0.333333 1.000000 0.444444 0.000000 0.222222 0.222222 0.000000 1
3 0.333333 0.111111 0.222222 0.444444 0.222222 0.777778 0.666667 0.555556 0.000000 1
8 0.444444 0.000000 0.000000 0.222222 0.111111 0.000000 0.000000 0.000000 0.000000 0
0 0.111111 0.666667 1.000000 1.000000 0.666667 1.000000 0.333333 0.888889 0.333333 1
9 0.000000 0.000000 0.000000 0.000000 0.111111 0.000000 0.111111 0.000000 0.000000 0
5 0.444444 0.222222 0.222222 0.000000 0.222222 0.222222 0.222222 0.222222 0.222222 1
9 0.777778 1.000000 1.000000 0.666667 1.000000 1.000000 0.666667 0.222222 0.777778 1
2 0.777778 1.000000 0.444444 0.222222 0.777778 0.333333 0.333333 1.000000 0.222222 1
1 0.555556 1.000000 1.000000 1.000000 1.000000 1.000000 0.777778 1.000000 1.000000 1
8 0.222222 1.000000 0.222222 1.000000 0.555556 1.000000 0.444444 0.000000 0.333333 1
3 0.222222 0.111111 0.111111 0.000000 0.333333 0.222222 0.111111 0.000000 0.000000 0
9 0.333333 0.333333 0.333333 0.111111 0.111111 0.222222 0.111111 0.000000 0.000000 0
4 0.111111 0.000000 0.000000 0.000000 0.111111 0.000000 0.222222 0.000000 0.000000 0
5 0.111111 0.000000 0.000000 0.000000 0.111111 0.000000 0.111111 0.000000 0.000000 0
8 0.555556 1.000000 1.000000 1.000000 0.777778 1.000000 0.666667 1.000000 0.666667 1
7 0.444444 0.777778 0.777778 1.000000 0.444444 1.000000 0.777778 1.000000 0.222222 1
1 0.000000 0.000000 0.222222 0.000000 0.111111 0.000000 0.000000 0.000000 0.000000 0
9 0.000000 0.000000 0.222222 0.000000 0.000000 0.000000 0.111111 0.000000 0.000000 0
2 0.333333 0.222222 0.111111 0.000000 0.222222 0.000000 0.111111 0.000000 0.000000 0
6 0.000000 0.000000 0.222222 0.000000 0.111111 0.000000 0.000000 0.000000 0.000000 0
0 0.333333 0.000000 0.111111 0.000000 0.111111 0.000000 0.111111 0.000000 0.000000 0
5 0.444444 0.000000 0.000000 0.111111 0.111111 0.000000 0.111111 0.000000 0.000000 0
3 0.222222 0.000000 0.111111 0.000000 0.111111 0.000000 0.111111 0.000000 0.000000 0
4 0.000000 0.000000 0.000000 0.000000 0.111111 0.000000 0.000000 0.000000 0.000000 0
1 0.000000 0.000000 0.000000 0.000000 0.111111 0.000000 0.111111 0.000000 0.000000 0
1 0.000000 0.000000 0.000000 0.000000 0.000000 0.000000 0.111111 0.000000 0.000000 0
2 0.222222 0.000000 0.000000 0.333333 0.222222 0.000000 0.111111 0.111111 0.000000 0
1 0.444444 0.222222 0.333333 0.000000 0.333333 0.000000 0.222222 0.000000 0.000000 0
3 0.000000 0.000000 0.000000 0.000000 0.111111 0.000000 0.000000 0.000000 0.000000 0
7 1.000000 0.555556 0.222222 0.555556 0.333333 1.000000 0.666667 0.777778 0.333333 1
0 0.222222 0.111111 0.111111 0.111111 0.111111 0.000000 0.222222 0.111111 0.000000 0
9 0.111111 0.000000 0.000000 0.000000 0.111111 0.000000 0.000000 0.000000 0.000000 0
6 0.111111 0.000000 0.000000 0.000000 0.111111 0.000000 0.000000 0.000000 0.000000 0
8 0.222222 0.222222 0.111111 0.111111 0.222222 0.000000 0.000000 0.111111 0.222222 0
6 0.666667 0.555556 0.555556 0.222222 0.111111 1.000000 0.666667 0.000000 0.000000 1
2 0.444444 0.222222 0.222222 0.111111 0.222222 0.000000 0.222222 0.000000 0.000000 0
8 0.111111 0.000000 0.000000 0.000000 0.111111 0.000000 0.111111 0.111111 0.000000 0
0 0.444444 0.000000 0.000000 0.000000 0.222222 0.111111 0.111111 0.111111 0.000000 0
6 0.000000 0.000000 0.000000 0.111111 0.111111 0.000000 0.111111 0.000000 0.000000 0
9 1.000000 0.777778 0.666667 0.333333 0.222222 1.000000 0.666667 0.888889 0.000000 1
4 0.222222 0.000000 0.000000 0.000000 0.111111 0.000000 0.111111 0.000000 0.000000 0
1 0.000000 0.111111 0.222222 0.000000 0.111111 0.000000 0.111111 0.000000 0.000000 0
3 0.222222 0.000000 0.000000 0.000000 0.111111 0.000000 0.111111 0.000000 0.000000 0
8 0.222222 0.000000 0.000000 0.000000 0.111111 0.000000 0.222222 0.000000 0.000000 0
7 0.333333 0.000000 0.000000 0.000000 0.111111 0.000000 0.000000 0.000000 0.000000 0
8 0.222222 0.111111 0.000000 0.000000 0.111111 0.000000 0.111111 0.111111 0.000000 0
8 0.000000 0.111111 0.222222 0.000000 0.111111 0.000000 0.000000 0.000000 0.000000 0
7 0.222222 1.000000 0.777778 0.666667 0.555556 0.888889 0.888889 0.222222 0.777778 1
4 0.222222 0.000000 0.000000 0.000000 0.111111 0.000000 0.000000 0.000000 0.000000 0
0 0.444444 0.222222 0.222222 0.000000 0.111111 0.000000 0.111111 0.000000 0.000000 0
2 0.222222 0.000000 0.000000 0.000000 0.111111 0.333333 0.000000 0.000000 0.000000 0
6 0.000000 0.111111 0.000000 0.222222 0.111111 0.000000 0.000000 0.111111 0.000000 0
0 0.333333 0.111111 0.111111 0.000000 0.111111 0.000000 0.111111 0.000000 0.000000 0
1 0.000000 0.000000 0.000000 0.000000 0.111111 0.000000 0.111111 0.000000 0.000000 0
6 0.111111 0.222222 0.111111 0.111111 0.111111 0.111111 0.222222 0.000000 0.000000 0
2 0.222222 0.000000 0.111111 0.000000 0.111111 0.000000 0.111111 0.000000 0.000000 0
8 0.000000 0.000000 0.000000 0.000000 0.111111 0.000000 0.111111 0.000000 0.000000 0
8 1.000000 1.000000 1.000000 0.555556 0.777778 0.333333 0.777778 0.444444 0.000000 1
3 0.444444 0.000000 0.111111 0.000000 0.111111 0.000000 0.222222 0.000000 0.000000 0
1 0.777778 0.444444 0.555556 0.111111 0.222222 1.000000 0.555556 0.555556 0.000000 1
8 0.222222 0.222222 0.111111 0.555556 0.222222 0.222222 0.222222 0.444444 0.000000 0
7 0.777778 0.666667 0.777778 0.444444 1.000000 1.000000 0.666667 0.111111 0.000000 1
0 0.000000 0.000000 0.000000 0.000000 0.111111 0.000000 0.111111 0.000000 0.000000 0
3 0.444444 0.111111 0.111111 0.111111 0.111111 0.111111 0.222222 0.111111 0.111111 0
5 0.222222 0.111111 0.111111 0.222222 0.111111 0.222222 0.222222 0.000000 0.000000 0
0 1.000000 1.000000 1.000000 0.666667 1.000000 1.000000 0.777778 0.111111 0.000000 1
1 0.333333 0.222222 0.222222 0.000000 0.111111 0.000000 0.222222 0.222222 0.000000 0
5 0.444444 0.000000 0.222222 0.000000 0.111111 0.000000 0.111111 0.000000 0.000000 0
7 0.222222 0.000000 0.000000 0.000000 0.111111 0.000000 0.000000 0.000000 0.000000 0
0 0.888889 1.000000 1.000000 1.000000 1.000000 1.000000 1.000000 1.000000 0.000000 1
5 0.444444 0.222222 0.555556 0.000000 0.111111 0.000000 0.000000 0.000000 0.000000 0
6 0.777778 0.666667 0.777778 0.111111 0.333333 0.111111 0.444444 1.000000 0.000000 1
7 0.000000 0.000000 0.000000 0.000000 0.111111 0.000000 0.111111 0.000000 0.000000 0
0 0.111111 0.000000 0.000000 0.000000 0.111111 0.000000 0.111111 0.000000 0.000000 0
0 0.000000 0.222222 0.000000 0.000000 0.111111 0.000000 0.111111 0.111111 0.000000 0
5 0.444444 0.000000 0.000000 0.222222 0.333333 0.000000 0.222222 0.111111 0.000000 0
4 0.444444 0.000000 0.000000 0.000000 0.111111 0.000000 0.111111 0.111111 0.000000 0
5 0.222222 0.111111 0.111111 0.222222 0.111111 0.000000 0.000000 0.000000 0.000000 0
8 0.555556 0.888889 0.666667 0.444444 0.444444 0.777778 0.333333 0.111111 0.000000 0
3 1.000000 0.777778 1.000000 0.000000 0.222222 1.000000 0.444444 0.000000 0.000000 1
2 1.000000 1.000000 1.000000 0.000000 0.555556 0.000000 0.111111 0.777778 0.000000 1
4 0.333333 0.000000 0.000000 0.000000 0.111111 0.000000 0.000000 0.000000 0.000000 0
2 0.444444 0.000000 0.000000 0.000000 0.111111 0.000000 0.000000 0.000000 0.000000 0
6 1.000000 0.333333 0.222222 1.000000 0.333333 1.000000 1.000000 0.000000 0.000000 1
1 0.444444 0.111111 0.111111 0.333333 0.111111 0.333333 0.000000 0.000000 0.000000 0
6 0.000000 0.000000 0.000000 0.222222 0.111111 0.222222 0.000000 0.000000 0.000000 0
8 0.000000 0.000000 0.000000 0.000000 0.111111 0.111111 0.000000 0.000000 0.000000 0
2 0.444444 0.000000 0.000000 0.555556 0.222222 0.000000 0.111111 0.000000 0.000000 0
5 0.111111 0.000000 0.000000 0.000000 0.111111 0.000000 0.000000 0.000000 0.000000 0
2 0.000000 0.000000 0.000000 0.000000 0.111111 0.000000 0.000000 0.000000 0.000000 0
3 0.444444 0.000000 0.000000 0.000000 0.111111 0.000000 0.000000 0.000000 0.000000 0
9 0.000000 0.000000 0.000000 0.000000 0.000000 0.000000 0.000000 0.000000 0.000000 0
1 0.444444 0.666667 0.888889 0.777778 0.555556 1.000000 0.777778 1.000000 0.000000 1
8 0.333333 0.000000 0.000000 0.222222 0.000000 0.000000 0.111111 0.000000 0.000000 0
1 0.444444 0.000000 0.000000 0.000000 0.111111 0.000000 0.000000 0.000000 0.000000 0
2 0.222222 0.000000 0.000000 0.222222 0.111111 0.000000 0.000000 0.000000 0.000000 0
7 0.333333 0.444444 0.444444 0.777778 0.555556 1.000000 1.000000 0.666667 0.000000 1
2 0.111111 0.222222 0.000000 0.000000 0.222222 0.000000 0.000000 0.000000 0.000000 0
8 1.000000 0.111111 0.111111 0.000000 0.111111 0.555556 0.000000 0.000000 0.111111 1
3 1.000000 0.555556 0.444444 0.777778 0.444444 1.000000 0.777778 0.555556 0.000000 1
9 0.777778 0.777778 0.888889 0.555556 0.555556 0.222222 1.000000 1.000000 0.000000 1
7 0.444444 0.000000 0.111111 0.000000 0.111111 0.000000 0.000000 0.000000 0.000000 0
7 0.444444 0.000000 0.000000 0.222222 0.111111 0.000000 0.000000 0.000000 0.000000 0
0 0.222222 0.000000 0.000000 0.000000 0.111111 0.444444 0.000000 0.000000 0.000000 0
1 0.555556 0.000000 0.000000 0.222222 0.111111 0.000000 0.000000 0.000000 0.000000 0
0 0.333333 0.000000 0.000000 0.000000 0.111111 0.000000 0.000000 0.111111 0.000000 0
5 1.000000 0.888889 0.777778 0.666667 0.555556 0.333333 0.666667 1.000000 0.222222 1
0 1.000000 0.555556 0.555556 0.111111 0.333333 1.000000 0.888889 0.666667 0.000000 1
5 0.555556 0.555556 0.555556 0.444444 0.333333 1.000000 0.666667 0.555556 0.111111 1
1 0.333333 0.000000 0.000000 0.000000 0.111111 0.000000 0.000000 0.000000 0.000000 0
6 0.000000 0.000000 0.111111 0.000000 0.111111 0.000000 0.111111 0.000000 0.000000 0
8 0.222222 0.000000 0.000000 0.000000 0.000000 0.000000 0.111111 0.000000 0.000000 0
2 0.555556 0.000000 0.000000 0.222222 0.111111 0.000000 0.000000 0.000000 0.000000 0
6 0.555556 0.000000 0.000000 0.000000 0.000000 0.000000 0.000000 0.000000 0.000000 0
3 0.333333 0.000000 0.000000 0.000000 0.111111 0.000000 0.000000 0.000000 0.000000 0
6 0.222222 0.000000 0.000000 0.000000 0.111111 0.000000 0.000000 0.000000 0.000000 0
0 0.333333 0.000000 0.111111 0.000000 0.111111 0.000000 0.000000 0.000000 0.000000 0
9 0.333333 0.000000 0.000000 0.000000 0.111111 0.000000 0.000000 0.000000 0.000000 0
1 0.444444 0.111111 0.000000 0.000000 0.111111 0.000000 0.000000 0.000000 0.000000 0
7 0.333333 0.777778 0.666667 1.000000 0.333333 1.000000 0.666667 0.444444 0.000000 1
3 0.444444 0.000000 0.000000 0.000000 0.000000 0.000000 0.000000 0.000000 0.000000 0
3 0.444444 0.222222 0.111111 0.333333 0.111111 0.000000 0.000000 0.000000 0.000000 0
9 0.888889 1.000000 1.000000 1.000000 1.000000 0.444444 1.000000 1.000000 1.000000 1
6 0.777778 0.666667 0.777778 0.444444 0.444444 1.000000 0.888889 1.000000 0.000000 1
6 0.444444 0.000000 0.111111 0.000000 0.111111 0.000000 0.000000 0.000000 0.000000 0
5 0.000000 0.000000 0.000000 0.222222 0.000000 0.222222 0.000000 0.000000 0.000000 0
6 0.222222 0.000000 0.000000 0.000000 0.000000 0.000000 0.111111 0.000000 0.000000 0
7 1.000000 1.000000 1.000000 1.000000 0.555556 1.000000 0.777778 0.000000 0.444444 1
8 0.222222 0.555556 0.333333 1.000000 0.222222 0.222222 0.222222 0.333333 0.000000 1
4 0.555556 0.222222 0.111111 0.000000 0.222222 0.333333 0.333333 0.000000 0.000000 1
6 0.444444 0.777778 0.888889 0.333333 0.222222 1.000000 0.666667 0.000000 0.000000 1
2 0.333333 0.000000 0.000000 0.000000 0.000000 0.000000 0.111111 0.000000 0.000000 0
5 0.444444 1.000000 1.000000 1.000000 0.555556 1.000000 0.555556 0.444444 0.111111 1
8 0.444444 0.000000 0.111111 1.000000 0.333333 0.444444 0.111111 0.000000 0.000000 0
2 0.222222 0.000000 0.000000 0.000000 0.000000 0.000000 0.111111 0.000000 0.000000 0
9 0.000000 0.000000 0.000000 0.000000 0.000000 0.000000 0.000000 0.000000 0.000000 0
6 0.333333 0.111111 0.000000 0.000000 0.111111 0.000000 0.000000 0.000000 0.000000 0
7 0.333333 0.000000 0.000000 0.000000 0.111111 0.000000 0.111111 0.000000 0.000000 0
0 0.555556 0.000000 0.000000 0.000000 0.111111 0.000000 0.222222 0.000000 0.000000 0
4 0.333333 0.000000 0.000000 0.000000 0.111111 0.000000 0.111111 0.000000 0.000000 0
0 0.333333 0.000000 0.000000 0.000000 0.111111 0.000000 0.222222 0.000000 0.000000 0
1 0.000000 0.000000 0.000000 0.000000 0.111111 0.000000 0.000000 0.000000 0.000000 0
4 0.222222 0.222222 0.000000 0.000000 0.111111 0.000000 0.000000 0.000000 0.000000 0
6 0.777778 1.000000 1.000000 1.000000 0.666667 0.444444 0.333333 0.777778 0.666667 1
5 0.000000 0.000000 0.000000 0.000000 0.111111 0.333333 0.000000 0.000000 0.000000 0
9 0.444444 0.000000 0.000000 0.000000 0.111111 0.000000 0.000000 0.000000 0.000000 0
0 0.111111 0.000000 0.000000 0.000000 0.111111 0.000000 0.000000 0.000000 0.000000 0
7 0.000000 0.000000 0.000000 0.000000 0.111111 0.000000 0.000000 0.000000 0.000000 0
9 0.444444 0.000000 0.000000 0.000000 0.111111 0.000000 0.111111 0.000000 0.000000 0
2 0.444444 0.000000 0.000000 0.000000 0.111111 0.000000 0.000000 0.000000 0.000000 0
8 0.222222 0.000000 0.000000 0.000000 0.000000 0.000000 0.111111 0.000000 0.000000 0
9 0.555556 0.555556 0.666667 1.000000 0.222222 1.000000 0.777778 1.000000 0.111111 1
0 0.333333 1.000000 0.333333 0.666667 0.222222 1.000000 0.888889 1.000000 0.000000 1
1 0.000000 0.000000 0.000000 0.000000 0.000000 0.000000 0.000000 0.000000 0.000000 0
9 0.000000 0.000000 0.000000 0.000000 0.000000 0.000000 0.111111 0.000000 0.000000 0
6 0.222222 0.000000 0.111111 0.111111 0.111111 0.000000 0.000000 0.000000 0.000000 0
7 0.333333 0.666667 0.777778 0.222222 0.333333 1.000000 0.888889 0.000000 0.000000 1
4 0.000000 0.000000 0.000000 0.000000 0.222222 0.000000 0.000000 0.000000 0.000000 0
7 0.333333 0.000000 0.000000 0.000000 0.222222 0.000000 0.000000 0.000000 0.000000 0
5 0.666667 0.444444 0.555556 1.000000 0.333333 1.000000 0.444444 0.222222 0.000000 1
4 0.222222 0.000000 0.000000 0.000000 0.111111 0.000000 0.111111 0.000000 0.000000 0
7 0.222222 0.000000 0.000000 0.111111 0.111111 0.000000 0.000000 0.000000 0.000000 0
9 0.333333 0.000000 0.000000 0.000000 0.111111 0.000000 0.000000 0.000000 0.000000 0
9 0.333333 0.000000 0.000000 0.000000 0.111111 0.000000 0.222222 0.000000 0.000000 0
6 0.555556 0.000000 0.222222 0.111111 0.111111 0.000000 0.000000 0.000000 0.000000 0
9 0.333333 0.000000 0.000000 0.000000 0.000000 0.000000 0.111111 0.000000 0.000000 0
6 0.666667 0.333333 0.333333 0.222222 0.333333 1.000000 0.555556 0.888889 0.000000 1
3 0.333333 0.111111 0.111111 0.000000 0.111111 0.000000 0.111111 0.000000 0.000000 0
4 0.000000 0.000000 0.000000 0.000000 0.000000 0.000000 0.222222 0.000000 0.000000 0
6 0.222222 0.000000 0.000000 0.000000 0.111111 0.000000 0.111111 0.000000 0.000000 0
0 0.111111 0.000000 0.000000 0.000000 0.111111 0.000000 0.111111 0.000000 0.000000 0
3 0.000000 0.000000 0.222222 0.111111 0.111111 0.000000 0.222222 0.000000 0.000000 0
8 0.444444 0.000000 0.000000 0.000000 0.111111 0.000000 0.222222 0.000000 0.000000 0
2 0.444444 0.000000 0.111111 0.000000 0.111111 0.000000 0.222222 0.000000 0.000000 0
8 0.333333 0.000000 0.000000 0.000000 0.111111 0.000000 0.111111 0.000000 0.000000 0
5 0.555556 0.000000 0.000000 0.000000 0.111111 0.000000 0.111111 0.000000 0.000000 0
7 0.444444 0.000000 0.000000 0.000000 0.111111 0.111111 0.111111 0.000000 0.000000 0
0 0.222222 0.000000 0.000000 0.000000 0.111111 0.000000 0.000000 0.000000 0.000000 0
2 0.444444 0.222222 0.000000 0.000000 0.111111 0.000000 0.000000 0.000000 0.000000 0
8 0.333333 0.000000 0.000000 0.000000 0.111111 0.000000 0.111111 0.000000 0.000000 0
6 0.111111 0.000000 0.222222 0.111111 0.111111 0.000000 0.111111 0.000000 0.000000 0
7 0.444444 0.000000 0.000000 0.000000 0.111111 0.000000 0.111111 0.000000 0.000000 0
1 0.555556 1.000000 1.000000 1.000000 0.333333 1.000000 0.666667 1.000000 0.000000 1
8 0.111111 0.000000 0.000000 0.000000 0.000000 0.000000 0.000000 0.000000 0.000000 0
5 0.222222 0.000000 0.000000 0.000000 0.000000 0.000000 0.000000 0.000000 0.000000 0
4 0.666667 0.777778 0.222222 0.666667 0.333333 0.444444 0.666667 0.777778 0.111111 1
4 0.222222 0.000000 0.000000 0.000000 0.111111 0.000000 0.111111 0.000000 0.000000 0
5 0.000000 0.000000 0.000000 0.000000 0.111111 0.000000 0.222222 0.000000 0.000000 0
2 0.222222 0.111111 0.111111 0.111111 0.111111 0.000000 0.333333 0.111111 0.000000 0
1 0.333333 0.333333 0.111111 0.000000 0.111111 0.444444 0.111111 0.000000 0.111111 0
3 0.222222 0.000000 0.000000 0.000000 0.111111 0.000000 0.000000 0.000000 0.000000 0
8 0.444444 0.111111 0.111111 0.111111 0.000000 0.000000 0.111111 0.000000 0.000000 0
3 0.444444 0.000000 0.000000 0.222222 0.111111 0.000000 0.000000 0.000000 0.000000 0
7 0.111111 0.000000 0.000000 0.000000 0.111111 0.000000 0.111111 0.000000 0.000000 0
6 0.444444 0.000000 0.000000 0.000000 0.111111 0.000000 0.111111 0.000000 0.000000 0
3 0.444444 0.000000 0.000000 0.000000 0.111111 0.000000 0.222222 0.000000 0.000000 0
4 0.444444 0.000000 0.000000 0.000000 0.111111 0.000000 0.222222 0.000000 0.000000 0
4 0.000000 0.000000 0.000000 0.000000 0.111111 0.000000 0.222222 0.000000 0.000000 0
2 0.222222 0.000000 0.000000 0.000000 0.111111 0.000000 0.111111 0.000000 0.000000 0
0 0.333333 0.000000 0.000000 0.000000 0.111111 0.000000 0.222222 0.111111 0.000000 0
3 0.444444 0.666667 1.000000 1.000000 0.444444 1.000000 1.000000 1.000000 0.000000 1
9 0.222222 0.000000 0.111111 0.000000 0.111111 0.000000 0.222222 0.000000 0.000000 0
7 0.333333 0.000000 0.000000 0.000000 0.111111 0.222222 0.111111 0.000000 0.000000 0
1 0.777778 0.333333 0.333333 0.000000 0.555556 1.000000 0.111111 0.444444 0.111111 1
6 0.777778 1.000000 0.333333 0.333333 0.777778 1.000000 0.777778 0.111111 0.000000 1
5 0.222222 0.000000 0.000000 0.000000 0.111111 0.000000 0.111111 0.000000 0.000000 0
3 0.000000 0.000000 0.000000 0.000000 0.111111 0.000000 0.111111 0.000000 0.000000 0
0 1.000000 0.888889 0.666667 0.222222 0.333333 0.111111 0.666667 0.666667 0.000000 1
1 0.444444 0.000000 0.111111 0.000000 0.111111 0.000000 0.222222 0.000000 0.000000 0
3 0.444444 0.000000 0.000000 0.000000 0.111111 0.000000 0.111111 0.000000 0.000000 0
3 0.000000 0.000000 0.000000 0.000000 0.111111 0.000000 0.111111 0.000000 0.000000 0
3 0.000000 0.000000 0.000000 0.000000 0.111111 0.000000 0.222222 0.000000 0.000000 0
5 0.444444 0.666667 1.000000 0.555556 0.444444 1.000000 0.666667 0.444444 0.000000 1
7 0.555556 1.000000 0.444444 0.444444 0.333333 1.000000 0.555556 1.000000 0.000000 1
6 0.222222 0.000000 0.000000 0.000000 0.111111 0.000000 0.000000 0.000000 0.000000 0
3 0.444444 0.000000 0.000000 0.555556 0.222222 0.000000 0.000000 0.000000 0.000000 0
4 0.000000 0.000000 0.000000 0.000000 0.111111 0.000000 0.000000 0.000000 0.000000 0
2 0.777778 1.000000 1.000000 1.000000 0.555556 1.000000 1.000000 1.000000 0.000000 1
0 0.444444 0.000000 0.000000 0.000000 0.111111 0.000000 0.111111 0.111111 0.000000 0
7 0.888889 0.777778 0.777778 0.888889 0.555556 0.222222 0.333333 0.000000 0.000000 1
7 0.444444 0.000000 0.000000 0.000000 0.111111 0.000000 0.000000 0.000000 0.000000 0
5 0.333333 1.000000 0.777778 0.444444 0.333333 0.000000 1.000000 0.000000 0.000000 1
4 0.111111 0.444444 0.666667 0.555556 0.333333 1.000000 0.666667 0.555556 0.000000 1
6 1.000000 0.222222 0.333333 0.444444 0.222222 1.000000 0.333333 0.000000 0.000000 1
7 0.444444 0.000000 0.111111 0.000000 0.111111 0.000000 0.000000 0.000000 0.000000 0
6 0.333333 0.777778 0.555556 0.222222 0.333333 1.000000 0.666667 0.000000 0.000000 1
5 0.444444 0.000000 0.000000 0.000000 0.111111 0.000000 0.111111 0.000000 0.000000 0
7 0.333333 0.000000 0.111111 0.000000 0.111111 0.000000 0.111111 0.000000 0.000000 0
8 0.444444 0.000000 0.222222 0.000000 0.111111 0.000000 0.222222 0.000000 0.000000 0
9 0.222222 0.000000 0.000000 0.000000 0.111111 0.000000 0.111111 0.000000 0.000000 0
4 0.444444 0.111111 0.333333 0.000000 0.000000 0.000000 0.000000 0.000000 0.000000 0
6 0.222222 0.000000 0.000000 0.000000 0.111111 0.000000 0.111111 0.000000 0.000000 0
1 0.000000 0.000000 0.000000 0.000000 0.000000 0.000000 0.111111 0.000000 0.000000 0
5 0.333333 0.000000 0.000000 0.000000 0.111111 0.000000 0.111111 0.000000 0.000000 0
3 0.444444 0.333333 0.555556 0.777778 0.333333 0.000000 0.777778 1.000000 0.000000 1
4 0.444444 0.222222 0.111111 0.777778 0.444444 1.000000 0.777778 0.000000 0.111111 1
4 1.000000 0.444444 1.000000 0.222222 0.444444 0.777778 0.666667 0.777778 0.222222 1
9 0.333333 0.000000 0.000000 0.111111 0.111111 0.000000 0.000000 0.000000 0.000000 0
8 0.444444 1.000000 1.000000 1.000000 1.000000 1.000000 1.000000 0.000000 0.000000 1
1 0.444444 0.000000 0.000000 0.000000 0.111111 0.000000 0.000000 0.000000 0.000000 0
0 0.444444 1.000000 1.000000 1.000000 0.444444 0.111111 0.777778 0.444444 0.000000 1
0 0.777778 1.000000 1.000000 1.000000 0.555556 1.000000 1.000000 1.000000 1.000000 1
4 0.111111 0.222222 0.000000 0.000000 0.111111 0.000000 0.111111 0.000000 0.000000 0
2 0.111111 0.000000 0.000000 0.000000 0.000000 0.000000 0.111111 0.000000 0.000000 0
2 0.333333 0.000000 0.222222 0.000000 0.111111 0.000000 0.111111 0.000000 0.000000 0
2 0.222222 0.000000 0.000000 0.000000 0.111111 0.000000 0.111111 0.000000 0.000000 0
6 0.333333 0.000000 0.000000 0.000000 0.111111 0.000000 0.111111 0.000000 0.000000 0
8 0.444444 0.000000 0.000000 0.000000 0.111111 0.000000 0.111111 0.000000 0.000000 0
7 0.222222 0.000000 0.000000 0.000000 0.111111 0.000000 0.111111 0.000000 0.000000 0
8 0.555556 0.222222 0.222222 0.222222 0.222222 0.111111 0.555556 0.000000 0.000000 0
5 0.666667 0.000000 0.111111 0.222222 0.111111 0.000000 0.111111 0.000000 0.000000 0
7 0.000000 0.000000 0.000000 0.000000 0.111111 0.000000 0.000000 0.000000 0.000000 0
7 0.444444 0.000000 0.000000 0.111111 0.000000 0.000000 0.111111 0.000000 0.000000 0
5 0.222222 0.000000 0.222222 0.000000 0.222222 0.333333 0.000000 0.000000 0.000000 0
3 0.333333 0.555556 0.555556 0.444444 0.666667 0.555556 0.666667 0.666667 0.222222 1
9 0.111111 0.000000 0.000000 0.000000 0.111111 0.444444 0.000000 0.000000 0.000000 0
4 0.111111 0.000000 0.000000 0.000000 0.111111 0.000000 0.000000 0.000000 0.000000 0
2 0.333333 0.000000 0.000000 0.000000 0.111111 0.000000 0.000000 0.000000 0.000000 0
7 0.000000 0.000000 0.000000 0.000000 0.111111 0.000000 0.000000 0.000000 0.000000 0
2 0.777778 0.666667 0.333333 0.333333 0.444444 0.222222 0.444444 1.000000 0.000000 1
7 0.222222 0.000000 0.000000 0.000000 0.111111 0.000000 0.000000 0.000000 0.000000 0
5 1.000000 1.000000 0.666667 0.777778 0.666667 0.000000 1.000000 1.000000 0.222222 1
4 0.333333 0.111111 0.333333 0.222222 0.111111 0.111111 0.111111 0.000000 0.000000 0
2 0.333333 0.000000 0.000000 0.000000 0.111111 0.000000 0.000000 0.000000 0.000000 0
6 0.444444 0.000000 0.000000 0.222222 0.111111 0.000000 0.000000 0.000000 0.000000 0
2 0.333333 0.000000 0.000000 0.222222 0.111111 0.000000 0.000000 0.000000 0.000000 0
1 0.222222 0.000000 0.000000 0.000000 0.111111 0.000000 0.111111 0.000000 0.000000 0
1 0.222222 0.000000 0.000000 0.000000 0.111111 0.000000 0.111111 0.000000 0.000000 0
5 0.111111 0.000000 0.000000 0.000000 0.111111 0.000000 0.000000 0.000000 0.000000 0
8 0.222222 0.000000 0.000000 0.000000 0.111111 0.000000 0.111111 0.000000 0.000000 0
1 0.000000 0.000000 0.000000 0.222222 0.111111 0.000000 0.000000 0.000000 0.000000 0
1 0.444444 1.000000 1.000000 1.000000 1.000000 0.111111 1.000000 1.000000 1.000000 1
1 0.222222 0.000000 0.000000 0.000000 0.111111 0.000000 0.111111 0.000000 0.000000 0
2 0.000000 0.111111 0.000000 0.222222 0.111111 0.000000 0.111111 0.000000 0.000000 0
1 0.444444 0.000000 0.000000 0.000000 0.111111 0.000000 0.111111 0.111111 0.000000 0
4 0.333333 0.000000 0.000000 0.000000 0.111111 0.000000 0.111111 0.000000 0.000000 0
3 0.222222 0.000000 0.000000 0.000000 0.111111 0.000000 0.222222 0.000000 0.000000 0
5 0.444444 0.000000 0.000000 0.000000 0.111111 0.000000 0.111111 0.000000 0.000000 0
4 0.444444 0.333333 0.444444 0.000000 0.777778 0.000000 0.222222 0.555556 0.000000 0
1 0.666667 0.777778 0.777778 0.666667 0.222222 1.000000 0.666667 0.111111 0.222222 1
1 0.000000 0.000000 0.000000 0.000000 0.111111 0.000000 0.000000 0.000000 0.000000 0
9 0.000000 0.000000 0.000000 0.000000 0.111111 0.000000 0.111111 0.000000 0.000000 0
6 0.333333 0.000000 0.000000 0.000000 0.111111 0.000000 0.222222 0.000000 0.000000 0
8 0.000000 0.000000 0.222222 0.000000 0.111111 0.000000 0.111111 0.000000 0.000000 0
7 0.000000 0.000000 0.222222 0.000000 0.111111 0.000000 0.111111 0.000000 0.000000 0
4 0.222222 0.000000 0.000000 0.222222 0.111111 0.000000 0.111111 0.000000 0.000000 0
0 0.000000 0.000000 0.000000 0.000000 0.111111 0.000000 0.000000 0.000000 0.000000 0
3 0.444444 0.111111 0.111111 0.111111 0.111111 0.000000 0.000000 0.000000 0.111111 0
2 0.222222 0.000000 0.000000 0.000000 0.111111 0.000000 0.222222 0.000000 0.000000 0
1 0.444444 0.666667 0.333333 0.000000 0.555556 0.000000 0.666667 1.000000 0.222222 1
9 0.444444 1.000000 1.000000 0.777778 0.444444 0.444444 0.666667 1.000000 0.000000 1
4 0.222222 1.000000 0.666667 0.777778 0.444444 0.777778 0.666667 0.333333 0.000000 1
0 0.222222 0.111111 0.000000 0.111111 0.111111 0.000000 0.222222 0.000000 0.000000 0
0 0.444444 0.222222 0.111111 0.000000 0.222222 0.000000 0.000000 0.000000 0.000000 0
1 0.000000 0.000000 0.000000 0.000000 0.111111 0.000000 0.111111 0.000000 0.000000 0
4 0.333333 0.000000 0.333333 0.000000 0.111111 0.000000 0.000000 0.000000 0.000000 0
6 0.000000 0.000000 0.111111 0.000000 0.111111 0.000000 0.111111 0.000000 0.000000 0
9 0.444444 0.000000 0.000000 0.000000 0.111111 0.000000 0.000000 0.000000 0.000000 0
5 0.000000 0.000000 0.000000 0.000000 0.111111 0.000000 0.000000 0.000000 0.000000 0
8 0.111111 0.000000 0.000000 0.000000 0.111111 0.000000 0.000000 0.000000 0.000000 0
6 1.000000 1.000000 1.000000 1.000000 0.444444 1.000000 1.000000 1.000000 0.666667 1
4 0.444444 0.000000 0.000000 0.000000 0.111111 0.000000 0.222222 0.111111 0.000000 0
0 0.000000 0.000000 0.000000 0.000000 0.111111 0.000000 0.000000 0.000000 0.000000 0
6 0.000000 0.000000 0.000000 0.000000 0.111111 0.000000 0.000000 0.000000 0.000000 0
0 0.000000 0.000000 0.000000 0.000000 0.111111 0.000000 0.000000 0.000000 0.000000 0
3 0.000000 0.000000 0.000000 0.000000 0.111111 0.000000 0.000000 0.000000 0.000000 0
0 0.222222 0.000000 0.000000 0.000000 0.111111 0.000000 0.111111 0.222222 0.000000 0
5 0.333333 0.000000 0.000000 0.000000 0.111111 0.000000 0.000000 0.000000 0.000000 0
2 0.000000 0.000000 0.000000 0.000000 0.111111 0.000000 0.000000 0.000000 0.777778 0
9 0.444444 1.000000 1.000000 0.444444 0.333333 0.444444 0.333333 0.333333 0.000000 1
7 0.222222 0.000000 0.000000 0.000000 0.111111 0.000000 0.000000 0.000000 0.000000 0
1 0.222222 0.000000 0.000000 0.000000 0.111111 0.000000 0.111111 0.000000 0.111111 0
8 0.111111 0.000000 0.000000 0.000000 0.111111 0.000000 0.000000 0.000000 0.000000 0
4 0.444444 1.000000 1.000000 0.222222 0.666667 0.222222 0.777778 1.000000 0.111111 1
8 0.333333 0.777778 0.555556 0.333333 0.222222 0.333333 1.000000 0.555556 0.000000 1
3 0.333333 0.777778 0.777778 0.444444 0.333333 0.444444 1.000000 0.333333 0.000000 1
9 0.000000 0.000000 0.000000 0.000000 0.111111 0.222222 0.222222 0.000000 0.000000 0
2 0.111111 0.000000 0.000000 0.000000 0.111111 0.000000 0.111111 0.000000 0.000000 0
7 0.444444 0.555556 0.444444 0.555556 1.000000 0.000000 0.222222 0.000000 0.000000 1
1 0.000000 0.000000 0.000000 0.000000 0.111111 0.111111 0.111111 0.000000 0.000000 0
4 0.888889 0.333333 0.444444 1.000000 0.555556 1.000000 0.333333 0.777778 0.000000 1
9 0.333333 0.000000 0.000000 0.111111 0.111111 0.000000 0.111111 0.000000 0.000000 0
6 1.000000 1.000000 1.000000 1.000000 1.000000 0.000000 0.777778 0.777778 0.777778 1
3 0.666667 0.222222 0.333333 0.333333 0.222222 0.222222 0.222222 0.111111 0.666667 1
3 0.444444 0.222222 0.444444 0.000000 0.777778 1.000000 0.444444 0.222222 0.000000 1
6 0.333333 0.000000 0.000000 0.000000 0.111111 0.000000 0.111111 0.000000 0.000000 0
7 0.000000 0.000000 0.000000 0.000000 0.111111 0.444444 0.000000 0.000000 0.000000 0
8 0.222222 0.000000 0.000000 0.222222 0.777778 0.000000 0.444444 0.777778 0.000000 0
9 1.000000 0.777778 1.000000 1.000000 0.555556 0.000000 0.222222 0.000000 1.000000 1
0 0.777778 0.666667 0.555556 0.333333 0.333333 1.000000 0.444444 0.000000 0.000000 1
7 0.111111 0.000000 0.000000 0.000000 0.000000 0.000000 0.222222 0.000000 0.000000 0
0 0.777778 0.333333 0.333333 0.444444 0.333333 0.666667 0.666667 0.777778 0.111111 0
3 0.000000 0.000000 0.000000 0.000000 0.111111 0.000000 0.000000 0.000000 0.000000 0
4 0.000000 0.000000 0.000000 0.000000 0.000000 0.000000 0.222222 0.000000 0.000000 0
3 1.000000 1.000000 1.000000 0.222222 1.000000 1.000000 0.888889 1.000000 0.000000 1
3 0.888889 1.000000 1.000000 0.000000 1.000000 0.777778 0.222222 0.222222 0.000000 1
4 0.222222 0.000000 0.000000 0.000000 0.111111 0.000000 0.111111 0.000000 0.000000 0
1 0.777778 0.777778 0.888889 0.333333 0.444444 1.000000 0.666667 0.777778 0.000000 1
1 0.444444 0.000000 0.000000 0.000000 0.111111 0.000000 0.222222 0.000000 0.000000 0
5 0.000000 0.000000 0.000000 0.000000 0.111111 0.000000 0.222222 0.000000 0.000000 0
1 0.777778 0.333333 1.000000 0.444444 0.333333 0.333333 0.666667 1.000000 0.000000 1
3 1.000000 1.000000 1.000000 0.666667 0.888889 1.000000 0.666667 1.000000 1.000000 1
6 1.000000 0.777778 0.333333 0.333333 0.333333 1.000000 0.222222 1.000000 0.333333 1
1 0.222222 0.000000 0.000000 0.000000 0.111111 0.444444 0.444444 0.000000 0.000000 0
9 0.666667 0.555556 0.222222 0.111111 0.444444 1.000000 0.666667 0.333333 0.555556 1
9 0.222222 0.000000 0.000000 0.000000 0.111111 0.000000 0.222222 0.000000 0.000000 0
8 1.000000 0.333333 0.555556 0.333333 0.444444 1.000000 0.666667 0.000000 0.000000 1
2 0.000000 0.000000 0.000000 0.000000 0.000000 0.000000 0.111111 0.000000 0.000000 0
4 0.777778 0.444444 0.444444 0.444444 0.111111 1.000000 0.333333 0.222222 0.000000 1
3 0.111111 0.000000 0.000000 0.000000 0.111111 0.000000 0.000000 0.000000 0.000000 0
7 0.111111 0.000000 0.000000 0.000000 0.111111 0.000000 0.222222 0.000000 0.000000 0
1 0.222222 0.333333 0.444444 0.222222 0.666667 0.222222 0.333333 0.555556 0.000000 0
5 0.333333 0.000000 0.000000 0.000000 0.222222 0.000000 0.111111 0.111111 0.000000 0
9 1.000000 0.222222 0.444444 0.333333 0.222222 0.666667 0.222222 0.444444 0.222222 1
1 0.000000 0.000000 0.000000 0.000000 0.000000 0.000000 0.000000 0.000000 0.000000 0
9 0.000000 0.000000 0.000000 0.000000 0.111111 0.000000 0.111111 0.000000 0.000000 0
8 0.111111 0.222222 0.000000 0.000000 0.444444 0.000000 0.000000 0.000000 0.000000 0
3 0.333333 0.000000 0.222222 0.222222 0.111111 0.000000 0.000000 0.000000 0.000000 0
5 0.444444 0.000000 0.222222 0.000000 0.111111 0.000000 0.000000 0.000000 0.000000 0
2 0.333333 0.000000 0.000000 0.000000 0.111111 0.000000 0.000000 0.000000 0.000000 0
7 0.444444 0.000000 0.000000 0.000000 0.111111 0.000000 0.000000 0.000000 0.000000 0
7 0.000000 0.000000 0.000000 0.000000 0.111111 0.000000 0.000000 0.000000 0.000000 0
3 0.333333 0.000000 0.000000 0.000000 0.111111 0.000000 0.111111 0.000000 0.000000 0
7 0.333333 0.000000 0.000000 0.111111 0.111111 0.000000 0.111111 0.000000 0.000000 0
5 1.000000 0.333333 0.444444 0.333333 0.222222 0.444444 0.666667 0.222222 0.000000 1
4 0.333333 0.222222 0.000000 0.000000 0.111111 0.000000 0.333333 0.777778 0.000000 0
9 1.000000 1.000000 0.777778 1.000000 0.555556 0.444444 1.000000 0.222222 0.000000 1
6 0.666667 0.555556 1.000000 0.444444 0.222222 1.000000 0.888889 1.000000 0.111111 1
7 0.000000 0.000000 0.000000 0.000000 0.111111 0.000000 0.111111 0.000000 0.000000 0
3 0.444444 0.000000 0.111111 0.000000 0.111111 0.000000 0.111111 0.000000 0.000000 0
6 0.000000 0.000000 0.000000 0.000000 0.111111 0.000000 0.000000 0.000000 0.000000 0
8 1.000000 0.333333 0.222222 1.000000 0.222222 1.000000 0.666667 0.000000 0.111111 1
1 0.555556 0.111111 0.222222 0.000000 0.111111 0.000000 0.000000 0.000000 0.000000 0
4 0.444444 0.000000 0.000000 0.000000 0.111111 0.000000 0.111111 0.000000 0.000000 0
1 0.222222 0.000000 0.333333 0.000000 0.111111 0.000000 0.000000 0.000000 0.000000 0
8 0.000000 0.000000 0.000000 0.000000 0.111111 0.000000 0.000000 0.000000 0.000000 0
0 0.000000 0.111111 0.111111 0.000000 0.111111 0.000000 0.000000 0.000000 0.000000 0
0 0.222222 0.000000 0.000000 0.111111 0.222222 0.333333 0.000000 0.000000 0.000000 0
6 0.222222 0.000000 0.000000 0.000000 0.111111 0.000000 0.111111 0.000000 0.000000 0
8 0.111111 0.000000 0.000000 0.000000 0.111111 0.000000 0.222222 0.000000 0.000000 0
7 0.444444 1.000000 1.000000 1.000000 0.333333 1.000000 0.444444 0.555556 0.222222 1
9 0.000000 0.000000 0.000000 0.222222 0.111111 0.000000 0.000000 0.000000 0.000000 0
8 0.222222 0.000000 0.000000 0.000000 0.222222 0.111111 0.000000 0.000000 0.000000 0
