1000 2 2
100 100 100 100 100 100 100 100 100 100
3 0.77207071299199 0.525925808819011 1
5 0.704281412763521 0.370732179610059 1
3 0.382126778131351 0.532416463131085 1
4 1.43324774655048 0.483758767833933 1
8 0.23124526545871 0.378334025386721 1
0 0.538768633967265 0.915992360329255 1
3 0.45953780435957 0.0232369804289192 0
4 0.897027377039194 0.111422354355454 1
3 0.437765939743258 0.333770436234772 1
7 1.05876565002836 0.409810756100342 1
9 0.920723042450845 0.00875848438590765 0
6 0.228764460305683 0.0448038810864091 0
4 0.147062294301577 0.674754523904994 1
6 1.10075984860305 0.936339338310063 1
8 0.584759583463892 0.636113293934613 1
2 0.276664693141356 0.754460375988856 1
6 0.44424733822234 0.346510514151305 1
3 1.35388423979748 0.694059397792444 1
3 0.393381347414106 0.414310675347224 1
8 0.404590734397061 0.0348503263667226 0
1 1.49090533959679 0.605556473135948 1
9 1.16930587333627 0.589447122067213 1
5 1.34184467664454 0.954164292896166 1
9 1.35549542633817 0.828298095846549 1
0 1.45208026422188 0.735344065818936 1
1 0.55708460288588 0.382247066590935 1
9 1.43848629388958 0.500210276804864 1
4 0.409220172674395 0.883990694303066 1
1 1.47392395162024 0.899030805099756 1
4 1.29953223781195 0.052764191525057 0
0 1.05826030788012 0.396690815221518 1
7 0.0823210480157286 0.540858365595341 1
0 0.553639526478946 0.595832225400954 1
2 0.778598218923435 0.145877078874037 1
4 0.876677930471487 0.0734388632699847 0
5 0.694009937345982 0.145158327417448 1
1 0.488233351497911 0.242991010425612 1
1 0.695917970035225 0.465059940237552 1
1 1.06912221503444 0.0259901613462716 0
7 0.189714044798166 0.698035517940298 1
6 0.599494071328081 0.704550200141966 1
8 0.316473545855843 0.49518199916929 1
4 0.454414933919907 0.867583772633225 1
4 0.491442914237268 0.726468168664724 1
7 0.21917089051567 0.359462180640548 1
1 1.28527208219748 0.19342906284146 1
5 1.3948415449122 0.129257639171556 1
8 0.444548124913126 0.84713591914624 1
9 0.93374673568178 0.838934984058142 1
3 1.35118096566293 0.642594077857211 1
8 0.59882048482541 0.791054070927203 1
3 1.4970003211638 0.736010107910261 1
2 0.390864967019297 0.412955281790346 1
5 0.116074493271299 0.586581433191895 1
0 0.895428796531633 0.866906767943874 1
8 0.286151365726255 0.206764817936346 1
4 0.112120784120634 0.81624524993822 1
1 1.2390614625765 0.296996914083138 1
0 0.4714074509684 0.525035654194653 1
6 0.967689219745807 0.654468531254679 1
0 0.0465027436148375 0.324352528899908 1
7 1.24583148141392 0.911446641432121 1
5 0.0916491489624605 0.527747744694352 1
8 0.165208077407442 0.838856752496213 1
7 0.915425932849757 0.882145867682993 1
7 1.06921970739495 0.298377705272287 1
9 0.530617465032265 0.2172906473279 1
8 1.26417011918966 0.755330853629857 1
9 0.592995840590447 0.256777209229767 1
0 0.838087928714231 0.851978435181081 1
8 0.664616692462005 0.680944171966985 1
0 1.2572828438133 0.146833218401298 1
7 0.0277719969162717 0.939289083238691 1
9 0.64574908465147 0.166442975634709 1
1 0.458769447170198 0.230125792790204 1
7 0.187564755091444 0.988416787935421 1
5 0.237003556801938 0.241814596578479 1
1 0.149363638367504 0.109798517776653 1
0 0.315433281124569 0.918313337024301 1
5 1.22548657190055 0.511308625340462 1
5 0.257563741179183 0.171655314508826 1
1 1.37035792507231 0.909146232064813 1
9 0.858943891245872 0.320635995129123 1
6 1.19749888870865 0.224888873985037 1
1 0.0453269798308611 0.361338059417903 1
7 0.649440977023914 0.0325259054079652 0
4 0.169141338556074 0.539601082215086 1
1 1.05278922768775 0.127398756565526 1
3 1.16126117727254 0.954016922041774 1
5 0.403840956394561 0.786101206904277 1
7 0.225645000231452 0.108728506835178 1
1 0.996056904899888 0.899932477390394 1
6 1.02383613435086 0.92672307905741 1
0 0.23904680670239 0.278958544367924 1
8 0.742969255428761 0.698380644898862 1
1 0.608329831506126 0.309541838476434 1
7 0.0696609379956499 0.708367463434115 1
2 0.207890671212226 0.232495853677392 1
5 0.248887198395096 0.403301336569712 1
8 0.563854124397039 0.758972309995443 1
2 0.634045379469171 0.454119127243757 1
3 0.110012528020889 0.826524732867256 1
5 0.0415389012778178 0.626493021845818 1
9 0.500449543702416 0.856729516526684 1
6 0.527951918542385 0.146549772471189 1
3 1.44708222546615 0.550397181184962 1
2 1.18523995717987 0.585271220654249 1
1 0.271321380394511 0.0662086757365614 0
8 1.19285296392627 0.540654262760654 1
5 0.157040161080658 0.487148776883259 1
3 1.46644689759705 0.767640483565629 1
8 0.425938273896463 0.87650485499762 1
9 0.509080892661586 0.360034309327602 1
9 1.27253692306112 0.285573117434978 1
8 0.126072535291314 0.507258399389684 1
7 1.27596679155249 0.55251327692531 1
0 0.251864507328719 0.81965947104618 1
9 0.905252168071456 0.86654941807501 1
9 1.49490496271756 0.624260722892359 1
8 0.265262409229763 0.691762590315193 1
5 0.219812892610207 0.709718543337658 1
3 0.54093766619917 0.757130943704396 1
2 0.00489715137518942 0.98106142366305 1
9 1.48499545175582 0.189189701806754 1
6 0.394385061808862 0.918112486600876 1
9 1.40839346498251 0.784446680219844 1
3 1.42372098192573 0.985552931437269 1
2 1.37735772400629 0.531439952086657 1
9 1.07784309005365 0.651931311003864 1
1 1.2956120618619 0.971213024575263 1
3 1.13181955448817 0.77984741027467 1
2 0.534323741099797 0.0290261248592287 0
6 1.31668927974533 0.594046854414046 1
4 0.0971644286764786 0.850536261685193 1
5 0.40460326813627 0.47356415935792 1
8 0.179256047937088 0.947481277631596 1
3 0.953995524672791 0.950371976010501 1
1 1.15951197606046 0.180355173768476 1
9 1.43510327325203 0.902127710869536 1
7 1.38385570782702 0.72306131827645 1
8 0.259921275428496 0.731279331725091 1
1 0.360626175999641 0.968423074577004 1
7 0.649890559609048 0.433059625327587 1
7 0.655743745272048 0.699032145785168 1
4 0.728878853959031 0.105928019853309 1
6 0.310686163371429 0.230005372315645 1
8 0.12147157243453 0.890660092933103 1
1 1.07957567065023 0.27994772628881 1
1 0.716576888691634 0.427621369482949 1
8 0.72385673399549 0.718528902856633 1
3 1.46435095905326 0.737156820017844 1
2 0.935025234008208 0.762118433369324 1
4 1.01570454798639 0.826025356771424 1
8 0.913634502911009 0.595551134319976 1
3 1.28267696395051 0.748612597817555 1
6 0.0476939238142222 0.577008533291519 1
5 0.960433918749914 0.823107779724523 1
0 1.2355804288527 0.422983690164983 1
1 0.954814005643129 0.0408677882514894 0
1 0.333505302784033 0.292855662992224 1
9 0.822262204717845 0.750092978589237 1
9 1.38669210090302 0.443842187989503 1
8 0.866799007519148 0.740548865171149 1
7 0.83314125216566 0.837947436841205 1
8 0.87627361016348 0.495820235228166 1
5 1.07225990120787 0.522931604878977 1
5 0.700939456117339 0.886441558366641 1
0 0.916132883867249 0.498702603857964 1
1 0.726352646481246 0.718438299838454 1
8 0.643119687214494 0.707796876085922 1
0 1.32536551449448 0.520889186998829 1
6 1.10475323628634 0.782736568478867 1
0 0.904503302299418 0.0560488917399198 0
1 0.296708510024473 0.337436402216554 1
8 1.44101728289388 0.214813361642882 1
5 1.3345599649474 0.974484772188589 1
3 1.36452785949223 0.0833317614160478 0
0 1.41474705166183 0.696647256379947 1
7 0.434678774443455 0.4789745407179 1
5 1.03614312596619 0.300088848220184 1
5 0.652113125310279 0.0211769768502563 0
8 1.25245993514545 0.468912712065503 1
6 0.374431515578181 0.390952922636643 1
4 0.00657704751938581 0.622191422386095 1
2 0.11460645776242 0.202803315129131 1
2 0.657282150350511 0.475257959449664 1
1 1.42705098318402 0.773109920090064 1
9 1.01151756907348 0.0438608441036195 0
3 0.953563059330918 0.0862832302227616 0
1 0.911378877586685 0.809177742339671 1
7 0.161095364950597 0.56474903668277 1
7 0.952051448402926 0.603947107214481 1
8 0.0230505400104448 0.810179182561114 1
3 0.744303472805768 0.659405010286719 1
2 1.16547997144517 0.846095676766708 1
6 1.24106538319029 0.675562229705974 1
6 0.318375696195289 0.446169420843944 1
7 1.14694817306008 0.800045145209879 1
6 1.11664133390877 0.529336374951527 1
3 0.272191322408617 0.602465116418898 1
0 0.542986464570276 0.0808710942510515 0
6 0.893571818363853 0.033835977781564 0
3 1.46422707487363 0.95369737339206 1
0 1.17848796991166 0.537270048167557 1
7 0.267338950303383 0.497904091374949 1
7 1.29567745083477 0.77826019236818 1
1 1.04603458091151 0.716711337445304 1
2 0.278894672286697 0.344306444050744 1
0 1.38316860061605 0.0360110132023692 0
8 0.256416431511752 0.579004367114976 1
4 0.747618411085568 0.237782137002796 1
1 0.710061373771168 0.601077718660235 1
6 1.17662606074009 0.523470743792132 1
6 1.36098184192088 0.0302736859302968 0
7 1.27482497622259 0.274745139526203 1
1 0.416250094072893 0.50791547098197 1
6 0.809185145306401 0.574042578460649 1
1 0.341273026191629 0.710657071322203 1
7 1.25906828872394 0.470534610096365 1
6 1.45544140215497 0.951137667521834 1
9 0.0914177267113701 0.206377058755606 1
7 1.11132834968157 0.463180899387226 1
0 0.409105292754248 0.304088830249384 1
0 0.13937470538076 0.629548286553472 1
0 0.150614009122364 0.747166158165783 1
7 0.577795398188755 0.762828781735152 1
2 1.36182948353235 0.93540803855285 1
6 1.1676694342168 0.142671167850494 1
4 1.46555168589111 0.962668607477099 1
9 1.3333634318551 0.354241797234863 1
1 0.12729268334806 0.0476938071660697 0
3 1.45288323727436 0.925188357941806 1
5 0.982299298862927 0.461119634332135 1
9 0.975338394404389 0.514064935501665 1
5 1.12367411179002 0.160015111556277 1
8 0.45630605018232 0.384025059873238 1
3 1.38536619977094 0.168447102885693 1
6 0.608935025869869 0.426023488864303 1
7 1.09882146783639 0.90717512415722 1
6 0.918362803990021 0.714392939349636 1
3 1.06261125567835 0.31484943581745 1
1 0.128700963919982 0.258793009677902 1
5 0.907760869245976 0.936163258505985 1
5 1.39493223710451 0.876309586223215 1
8 0.849617423373275 0.726517314789817 1
2 1.02598503255285 0.410309898899868 1
8 1.22884428373072 0.393052855040878 1
6 1.40139061154332 0.582836457295343 1
8 0.148146125371568 0.37483152654022 1
0 0.309448438463733 0.189751834608614 1
8 0.653341785888188 0.535569132305682 1
8 1.05638134223409 0.60244108363986 1
2 1.28258616174571 0.568515887949616 1
5 1.31638158950955 0.853169723646715 1
1 0.276121778762899 0.949706529732794 1
6 0.0944375832332298 0.946684858761728 1
9 1.12398526654579 0.456772000994533 1
1 0.776007643318735 0.89058078918606 1
8 0.403380532865413 0.0306152033153921 0
0 0.499854957335629 0.466019225073978 1
2 0.39252911915537 0.0325796292163432 0
6 0.851649238611571 0.473364900331944 1
3 0.199463903205469 0.0303463956806809 0
7 0.545634794281796 0.745318941073492 1
4 0.872497089905664 0.061554541811347 0
2 0.637975479941815 0.515949883963913 1
2 1.27488166373223 0.672493966296315 1
4 0.229088583961129 0.251229768851772 1
7 1.29531464120373 0.852769127814099 1
7 1.11341642774642 0.483676214236766 1
8 0.402543813921511 0.496479983907193 1
2 1.2100444464013 0.50281999213621 1
3 0.244449418969452 0.313636432634667 1
3 0.0477093440713361 0.170668085338548 1
3 0.0937779264058918 0.1782539752312 1
6 0.811985183623619 0.333344584330916 1
2 0.399561585858464 0.212660364573821 1
5 0.797287662397139 0.28785912040621 1
4 1.2987600734923 0.822142567485571 1
5 0.803409217740409 0.833714652340859 1
4 1.20301578368526 0.905131825013086 1
7 1.36369248549454 0.103738258359954 1
4 0.229224626440555 0.975844623986632 1
6 1.30259387323167 0.199605278205127 1
2 0.762668637558818 0.647269156994298 1
9 0.64479266514536 0.917161491466686 1
4 0.129954529576935 0.0656935742590576 0
5 0.0136398944305256 0.189289764733985 1
3 1.17756083328277 0.764895069645718 1
2 0.922829435672611 0.539386162068695 1
3 0.117485761991702 0.860841508954763 1
0 1.07454034045804 0.401609522756189 1
3 1.14340780733619 0.932164130033925 1
5 0.61965070234146 0.364596554776654 1
6 1.29692477930803 0.223081077681854 1
6 1.28829997172579 0.92882749857381 1
7 0.0951869431883097 0.436744274571538 1
3 0.218143897131085 0.779430363560095 1
2 0.0261999646900222 0.133589876582846 1
7 0.958891496295109 0.514282430056483 1
7 0.709877924295142 0.433103539049625 1
1 0.131080182851292 0.0131557753775269 0
4 1.48970913165249 0.68248437368311 1
2 0.397712342790328 0.989572465419769 1
2 0.570114646106958 0.564665111945942 1
1 0.669766525737941 0.686710963957012 1
8 0.0694676492130384 0.553689913125709 1
3 1.1278263082495 0.979411175940186 1
6 0.407501039793715 0.766664083814248 1
2 0.73911788163241 0.4758840741124 1
8 0.511644172598608 0.316475942730904 1
5 0.778387853759341 0.143855144502595 1
1 1.34016022493597 0.23006363841705 1
7 1.2284227948403 0.213170581497252 1
1 0.992951357038692 0.355491650989279 1
1 0.22944647166878 0.634571464499459 1
0 0.60237160907127 0.15619505988434 1
1 1.31977361475583 0.551328976638615 1
2 0.252535533159971 0.350689427927136 1
1 1.31596430204809 0.0966185189317912 0
8 1.01310679293238 0.520631956635043 1
1 0.349366457434371 0.283188600325957 1
3 0.457243942888454 0.475767498137429 1
6 1.38283292355482 0.639879888156429 1
2 0.720818805741146 0.242497165687382 1
7 0.852821508538909 0.505914961686358 1
1 1.07551340328064 0.921581514878199 1
1 1.47013622755185 0.55159765155986 1
8 0.425881287432276 0.673145450418815 1
1 0.873002395732328 0.831833423348144 1
4 1.28717853000853 0.972042283043265 1
1 1.39077558950521 0.95461923093535 1
1 0.283742419327609 0.709135157288983 1
6 1.29784467956051 0.28287267126143 1
9 0.292855551699176 0.963185814209282 1
7 0.391274063615128 0.540187881793827 1
7 0.667502738535404 0.288036530604586 1
9 0.151467842864804 0.560603547841311 1
6 0.484163514571264 0.0450865649618208 0
0 1.3970002887072 0.439466416370124 1
7 0.16725311789196 0.868291171966121 1
2 0.614469413179904 0.544978886609897 1
7 0.0816500235814601 0.359981377143413 1
1 0.883400396327488 0.748073029564694 1
2 1.43324690067675 0.993698792066425 1
0 0.562275213073008 0.197763606905937 1
2 0.128575319540687 0.481901493854821 1
7 0.0685838330537081 0.875616422155872 1
1 1.23951620142907 0.419604116585106 1
7 1.29604705504607 0.640688262879848 1
9 0.254569645039737 0.665007270639762 1
1 1.46271563123446 0.902701432816684 1
2 0.202891663298942 0.851037041749805 1
4 1.38896645593923 0.339619458187371 1
9 0.603186230524443 0.827921196818352 1
9 0.438954230281524 0.521505420794711 1
6 0.334192159934901 0.578623752808198 1
5 1.39885731751565 0.640328063396737 1
2 0.138412768486887 0.980255398200825 1
5 0.106849812786095 0.34642511466518 1
8 0.257984303170815 0.859519380843267 1
5 0.385112657910213 0.40314197121188 1
2 0.376769994269125 0.0736345027107745 0
3 1.02396973280702 0.728672141907737 1
2 1.05465491954237 0.33784196106717 1
8 1.12139458442107 0.698675463441759 1
9 0.347700902028009 0.729161276714876 1
6 0.878266599378549 0.129888565512374 1
2 0.638140839175321 0.025256535038352 0
9 1.45453451864887 0.0686772870831192 0
8 1.03617222025059 0.729515606537461 1
0 1.43113450880628 0.211198877776042 1
6 0.18657720379997 0.717299917247146 1
3 0.0204895822098479 0.314958962146193 1
1 0.592026632046327 0.650989261455834 1
9 0.519852084922604 0.915265402523801 1
3 1.32928125292528 0.575358931906521 1
2 0.637837255373597 0.0720217337366194 0
6 0.683471204247326 0.968592355027795 1
4 0.630507907248102 0.98883713921532 1
7 0.339787070872262 0.770105199189857 1
0 0.305808795033954 0.892559203784913 1
2 0.0749097727239132 0.435610182583332 1
8 1.13243710971437 0.611752208089456 1
2 1.34777244518045 0.641116867773235 1
5 0.0353477593744174 0.875587791902944 1
5 1.00942187779583 0.116813159547746 1
7 1.01003493962344 0.0262435718905181 0
9 1.31397461600136 0.554852700559422 1
4 1.02222803374752 0.401381468167529 1
2 0.782040189485997 0.592908634804189 1
2 0.775902743102051 0.940761308418587 1
7 1.02353981032502 0.682642238680273 1
8 1.48598375916481 0.712083304766566 1
6 0.731505006900989 0.776980802649632 1
8 0.748169688158669 0.336266322527081 1
1 0.0314459939254448 0.0244346002582461 0
8 0.603001404320821 0.22170007834211 1
5 1.34092921251431 0.162218115059659 1
7 0.66389977990184 0.805855667218566 1
7 0.610378555487841 0.353956165025011 1
4 0.263832133146934 0.73849813779816 1
1 0.158506618696265 0.70312515553087 1
2 0.333832303527743 0.0532836478669196 0
4 0.0368234185734764 0.188275777734816 1
6 1.13673307083081 0.769421255216002 1
7 0.857190664624795 0.0776803637854755 0
2 0.208640242461115 0.0715030925348401 0
7 1.18432819156442 0.99645872390829 1
6 1.03804371622391 0.805094968527555 1
7 0.769995801849291 0.928646870190278 1
7 1.42888303776272 0.900400033220649 1
6 0.80780732491985 0.144264530390501 1
9 0.490941655822098 0.646497473819181 1
0 0.957844977965578 0.27518777968362 1
8 1.10872295696754 0.302947359858081 1
2 0.925296692526899 0.231735108420253 1
2 0.198948528268375 0.726978519465774 1
4 1.47179169743322 0.674759195651859 1
1 0.104706237791106 0.35539205558598 1
3 1.37522730755154 0.864661072613671 1
6 0.475944750476629 0.977969034342095 1
3 1.43039090652019 0.802670751232654 1
0 0.612150636152364 0.191379224648699 1
6 0.921736442483962 0.542187627637759 1
0 1.48796857218258 0.628022171091288 1
9 0.441757709719241 0.435857218224555 1
6 0.95493753394112 0.20745919062756 1
1 0.788208442507312 0.449846261879429 1
4 0.41265987069346 0.112730251159519 1
9 0.336171600152738 0.21497131860815 1
2 0.257157505257055 0.525432381080464 1
7 0.167723135906272 0.553706333506852 1
5 0.114595525315963 0.71617198549211 1
2 0.511661806376651 0.875573159661144 1
3 0.491090672439896 0.777070200070739 1
7 0.199591997195967 0.999188783578575 1
3 1.24789820273872 0.320338639197871 1
5 0.741025436553173 0.249113355530426 1
1 0.418754030833952 0.668620779179037 1
4 1.4859642139636 0.473949942970648 1
0 0.0355835444061086 0.853762850631028 1
3 1.13969473878387 0.0867706998251379 0
5 0.0623382877092808 0.315366017865017 1
9 0.0792826217366382 0.74439121875912 1
4 0.965600158204325 0.170476380968466 1
4 0.980446795583703 0.526864874642342 1
4 1.10784926265478 0.90262342360802 1
1 1.01179930649232 0.886261048028246 1
0 0.034206596435979 0.792711552465335 1
8 0.893935653730296 0.520902119809762 1
3 0.527862195158377 0.854578305501491 1
7 0.311010837787762 0.176698006223887 1
5 0.628398335189559 0.447568013332784 1
0 0.16219722549431 0.189793226774782 1
4 0.243235508794896 0.564456794876605 1
3 0.515735879656859 0.662967748241499 1
1 0.248929653782398 0.60803920449689 1
8 0.821979521191679 0.402303114999086 1
7 1.38342652644496 0.899329035775736 1
2 1.2463535576826 0.288667697459459 1
0 1.00984759745188 0.456912880763412 1
1 1.44507714046631 0.125793466577306 1
1 1.07413929048926 0.42278704396449 1
0 0.484731856849976 0.610467999707907 1
5 0.668311901972629 0.421445028856397 1
0 1.08488398860209 0.0941066693048924 0
5 0.579240305582061 0.243380483938381 1
3 0.89037883921992 0.961388151161373 1
7 0.0606252292636782 0.848066026810557 1
7 1.29476123512723 0.638744476949796 1
7 0.441740029142238 0.156759180128574 1
5 0.640931475092657 0.956386415520683 1
1 0.779573096078821 0.555284066125751 1
3 0.157922472339123 0.493917960673571 1
4 1.09085174230859 0.876451733754948 1
7 0.984496314427815 0.584227193379775 1
5 0.553567391820252 0.78243428026326 1
6 1.4403503498761 0.246607669861987 1
4 0.702213518321514 0.208544927416369 1
0 1.06634859822225 0.665662337327376 1
6 0.953916511964053 0.420849370770156 1
9 1.41997222183272 0.111846323125064 1
9 0.440904044313356 0.173241349635646 1
2 1.3848417227855 0.0505112677346915 0
7 1.03572413243819 0.000209106365218759 0
9 1.22408391279168 0.0355837210081518 0
6 1.28041125729214 0.0483887281734496 0
4 1.09148906206246 0.367561698658392 1
1 1.49989378382452 0.6003128439188 1
5 0.0809824821772054 0.127455112989992 1
8 1.1554744070163 0.783882003976032 1
4 0.020560008706525 0.783057491062209 1
3 1.24009570525959 0.592468879884109 1
7 0.820720065501519 0.334929887671024 1
0 0.968536964384839 0.0119394450448453 0
1 0.424882886814885 0.650345935719088 1
8 1.1239168754546 0.489832420367748 1
5 0.0385531797073781 0.809278382454067 1
4 0.793571125133894 0.851750805042684 1
2 0.96124919608701 0.00978449545800686 0
4 0.131978731951676 0.892187495017424 1
3 1.22704956773669 0.566365648759529 1
0 0.822783591225743 0.0546025896910578 0
9 0.338688814546913 0.196076725609601 1
8 0.990256360732019 0.706025312887505 1
9 0.540839510969818 0.485737685812637 1
1 0.529769769636914 0.576361791696399 1
9 0.050659742904827 0.457615289837122 1
7 0.501496818498708 0.338924901327118 1
1 1.25847497326322 0.97871552943252 1
5 0.70354989648331 0.221115862950683 1
5 1.0392037454294 0.345009410753846 1
9 0.723465923569165 0.581942304736003 1
7 0.274329510284588 0.888678857591003 1
9 1.20320527162403 0.927478154655546 1
7 0.0553283679764718 0.180740374838933 1
9 0.139699769555591 0.901229331968352 1
6 0.545263387262821 0.347487153718248 1
2 0.935950559447519 0.797501263441518 1
0 0.208441860973835 0.427677701227367 1
6 0.0982732266420498 0.706380482530221 1
0 1.27308771642856 0.935189093928784 1
8 0.645240406855009 0.970658760052174 1
4 0.508009668323211 0.434019026579335 1
3 0.486847578082234 0.61040732357651 1
4 0.341387660941109 0.166625093435869 1
2 0.137369382544421 0.175295959226787 1
4 0.807115924428217 0.137857962632552 1
7 0.0839181697228923 0.264127023518085 1
4 0.390243541100062 0.520283721154556 1
1 0.438368299277499 0.898723195539787 1
8 1.10517220466863 0.668818327365443 1
2 1.17470337089617 0.65862982487306 1
1 0.749839426483959 0.806517600547522 1
3 1.00380262057297 0.985233500832692 1
2 0.52291119704023 0.970261881360784 1
9 1.00441184069496 0.00611590989865363 0
0 1.39615933515597 0.0111617036163807 0
8 1.43326481734402 0.738409009994939 1
4 0.914156755898148 0.445598800200969 1
2 0.832822266616859 0.998084230115637 1
3 0.720451181055978 0.14489180711098 1
2 0.124378222622909 0.389906934229657 1
3 0.0847904195543379 0.299728487618268 1
6 0.150968069792725 0.495184581028298 1
6 0.0991839305497706 0.838854340836406 1
8 0.0713157010031864 0.688484745798633 1
0 0.876382977934554 0.229227338219061 1
9 1.13894301687833 0.623361574718729 1
5 1.00409233022947 0.419826625613496 1
9 0.905586640932597 0.829800690757111 1
3 0.359476508921944 0.995832497719675 1
5 0.0928052103845403 0.120463536120951 1
7 0.800178058329038 0.33694478101097 1
3 0.72589667304419 0.136849466944113 1
6 1.17841989733279 0.659478476271033 1
1 0.147026430233382 0.0990224464330822 0
0 0.809785286081024 0.123661856167018 1
4 0.165866767871194 0.475110579747707 1
3 0.0290574878454208 0.961997840786353 1
8 1.45537590177264 0.897655505221337 1
4 1.08145799813792 0.0330487345345318 0
4 0.287049541831948 0.0706967397127301 0
0 0.945892308605835 0.869695412926376 1
0 0.219498286256567 0.0380884807091206 0
5 1.47640291310381 0.23853644891642 1
4 0.228120709536597 0.613467305200174 1
6 1.33528163493611 0.638590494869277 1
4 0.951238441863097 0.572650169488043 1
9 0.986548122949898 0.871863202191889 1
4 0.763608715147711 0.21915104566142 1
6 0.587034498341382 0.825827969703823 1
0 0.135062113520689 0.0404042627196759 0
7 0.390389494481497 0.831395488930866 1
2 1.00437546463218 0.616449289722368 1
1 0.940445624990389 0.768976375926286 1
8 0.669159075594507 0.110443221405149 1
8 0.268485684762709 0.835545255569741 1
0 1.45743911562022 0.480444226646796 1
6 0.26790023536887 0.577711754711345 1
3 1.42257138190325 0.34273618622683 1
8 0.878012686735019 0.291564313462004 1
4 0.789344353484921 0.729222828522325 1
0 0.675487722270191 0.352808917639777 1
9 1.28169468068518 0.117270211223513 1
5 1.18969847518019 0.483715773560107 1
0 0.644506089272909 0.0532370714936405 0
2 1.30368827632628 0.657221741974354 1
9 0.58773440157529 0.0903337833005935 0
9 0.0204795920290053 0.325531126232818 1
3 0.601249765022658 0.593795178923756 1
1 1.18322080140933 0.694795691641048 1
5 0.861554119968787 0.710518831154332 1
9 0.910846230690368 0.590569194871932 1
4 0.727390069747344 0.606751745799556 1
5 0.0392128616804257 0.54805928748101 1
0 0.242293313727714 0.197303770808503 1
0 0.521624555694871 0.847743589663878 1
9 1.08428756170906 0.592410939279944 1
4 0.534672796027735 0.948527085129172 1
6 0.20433477521874 0.652923785150051 1
6 1.40953683445696 0.889110333751887 1
8 0.41654098557774 0.366579129360616 1
5 1.33131606120151 0.140692243585363 1
9 0.568794381804764 0.230568782659248 1
5 0.312233977834694 0.00249739014543593 0
1 0.383151242276654 0.940970687195659 1
9 0.963240183424205 0.410247505409643 1
7 1.1996770973783 0.417901038890705 1
5 0.661370231886394 0.131022978806868 1
7 1.36714791390114 0.217512798495591 1
3 0.383492446504533 0.316694230539724 1
8 1.09596431069076 0.234132358571514 1
4 1.43069742782973 0.223637105664238 1
7 0.749472546041943 0.215394231956452 1
8 1.21969817241188 0.709366002120078 1
1 0.438431909540668 0.680315539240837 1
9 0.796068956027739 0.990322883473709 1
8 0.0427493612514809 0.012572584208101 0
6 0.192411109339446 0.44775287178345 1
7 1.48915347992443 0.731123390607536 1
1 1.26446423667949 0.697685329709202 1
0 0.40953406272456 0.109716634033248 1
7 1.37430126860272 0.148934460012242 1
2 1.21978435863275 0.56401013629511 1
8 1.42116175289266 0.814439789624885 1
5 1.22037565335631 0.841135663213208 1
5 1.31007420562673 0.0671790298074484 0
5 1.21081884205341 0.383473546011373 1
5 1.22318527847528 0.0345067356247455 0
3 0.0055298306979239 0.0864184093661606 0
2 0.501654040650465 0.231136840069667 1
7 0.146420671837404 0.0101639984641224 0
4 0.725275507662445 0.00228963769041002 0
9 1.13726987899281 0.729312016395852 1
4 0.719573094625957 0.51893172156997 1
5 1.31287662161049 0.114856486441568 1
6 1.22193993651308 0.47121258941479 1
4 1.07421599712688 0.353354742284864 1
8 1.0345234303968 0.335858677979559 1
9 1.32056170678698 0.251799853751436 1
0 0.785911567043513 0.588237755699083 1
7 0.364394908770919 0.581580807454884 1
6 0.0352818653918803 0.429569488856941 1
5 1.12980893219355 0.355600644368678 1
3 1.37103742710315 0.285906788660213 1
0 0.75774024578277 0.413863861234859 1
3 1.28860990691464 0.0181547836400568 0
6 0.13726206345018 0.910773972282186 1
8 1.03318725514691 0.630210687406361 1
0 0.325473117409274 0.142976591363549 1
0 0.409045991837047 0.428533994825557 1
3 0.607299720752053 0.118738204240799 1
9 0.0904402888845652 0.273738129530102 1
8 1.15104544989299 0.671365826157853 1
2 1.38235656009056 0.437363747041672 1
2 1.45070678112097 0.820487212389708 1
5 1.27104144694749 0.415944730862975 1
2 0.347049840842374 0.475655901944265 1
5 0.544674606411718 0.107241166755557 1
0 0.911626123124734 0.68546641105786 1
8 1.39446396008134 0.282169129233807 1
3 0.858133029774763 0.857698806328699 1
0 0.283233656315133 0.835407913429663 1
1 0.957250962615944 0.737401410238817 1
3 0.349150522844866 0.851091206073761 1
5 1.11590389651246 0.922232915181667 1
0 0.629601511638612 0.57690303795971 1
9 0.156044158036821 0.86970127443783 1
0 0.797631823690608 0.190202665049583 1
2 0.275770552223548 0.462367601227015 1
1 1.31028727465309 0.647550853667781 1
4 1.11471766687464 0.381580562796444 1
4 0.975314602372237 0.887165480526164 1
2 1.17033424274996 0.995208266424015 1
6 0.814559817896225 0.881313835503533 1
8 0.595918635721318 0.124107358744368 1
4 1.49618838890456 0.298970912583172 1
0 0.166265504434705 0.127585948212072 1
2 1.31302438757848 0.737271833699197 1
8 0.353421690291725 0.780418106820434 1
9 0.275639179162681 0.276573361130431 1
3 1.05737630103249 0.730222007259727 1
8 0.73955182149075 0.852240372216329 1
4 0.0891117464052513 0.286082114093006 1
1 0.940907537005842 0.767371313180774 1
8 1.13927853782661 0.4713067302946 1
5 0.372381195193157 0.0941482016351074 0
0 0.0521950763650239 0.415460534160957 1
1 0.824866796610877 0.338416111422703 1
5 0.510818711249158 0.183433681493625 1
9 0.229937694501132 0.443810895783827 1
3 0.964070648071356 0.629295636201277 1
2 0.956354300142266 0.987653576070443 1
2 0.416474022902548 0.362680819118395 1
4 0.48629423417151 0.353644576855004 1
9 1.38320682977792 0.517486510099843 1
9 0.715170992771164 0.176344495266676 1
3 1.16483977879398 0.614038611063734 1
0 0.34156555426307 0.890869678463787 1
7 0.11419437197037 0.006403555162251 0
8 0.501725378679112 0.507995554246008 1
0 1.06197734700982 0.523956828052178 1
7 1.00673410389572 0.445423868251964 1
6 0.484448530361988 0.119286889210343 1
0 1.34194873832166 0.314154707128182 1
4 0.265967031475157 0.506442944752052 1
7 1.10403836087789 0.485276174964383 1
1 0.61194759956561 0.414827628061175 1
3 1.16516664752271 0.253155666869134 1
4 1.37239362252876 0.988714751787484 1
0 0.295926695340313 0.783524865051731 1
3 0.570328204426914 0.551840793574229 1
5 1.1310559452977 0.239120348123834 1
9 0.705481138313189 0.433323605684564 1
0 0.858403296908364 0.497908009914681 1
4 0.825788036570884 0.68657374382019 1
1 1.19988182501402 0.673183949431404 1
8 1.12931938958354 0.628193652490154 1
9 1.03087705804501 0.892428222345188 1
0 0.599536994355731 0.0119363518897444 0
6 0.493632210418582 0.11565598519519 1
7 1.46927598305047 0.0622573362197727 0
9 1.33963281218894 0.256693043047562 1
3 0.401335518574342 0.554931765655056 1
8 0.545725714880973 0.531109016854316 1
8 0.64027500723023 0.944713677978143 1
7 0.42823027074337 0.969598450232297 1
8 0.0613793913507834 0.951930190203711 1
2 0.0185947950230911 0.779349407181144 1
8 0.899363155360334 0.241724612191319 1
9 0.155857790959999 0.948695183498785 1
3 0.821691995719448 0.795192741323262 1
0 0.582920503802598 0.329229703173041 1
6 0.985136606264859 0.605284977704287 1
7 1.0739899846958 0.657118492526934 1
4 1.38021398603451 0.18025677301921 1
6 0.326400364050642 0.882758121239021 1
9 1.19458930415567 0.165153719717637 1
2 0.726334869861603 0.384546402608976 1
2 1.3492884967709 0.0919931014068425 0
3 0.0269735989859328 0.323049320140854 1
8 0.858390606706962 0.508221522206441 1
8 0.0252573494799435 0.836392954690382 1
2 0.144552279612981 0.957674571778625 1
6 0.262046330259182 0.530021273996681 1
4 0.883222459699027 0.643074242863804 1
8 0.070580541389063 0.754459571558982 1
4 0.802114467951469 0.179815712152049 1
7 0.249444490531459 0.462128224782646 1
0 1.1510284692049 0.734054754022509 1
5 0.981389548745938 0.624526793137193 1
0 0.469509945251048 0.803198569687083 1
7 1.0976976264501 0.855726852081716 1
6 0.354051906033419 0.9524410830345 1
9 0.358304212102666 0.556921636452898 1
2 1.05265588348266 0.442682249471545 1
4 1.47763900214341 0.549537976505235 1
2 0.364413168746978 0.923784629907459 1
1 0.687659476068802 0.411759284557775 1
6 1.4164119490888 0.661576364422217 1
7 0.461212678696029 0.0984555231407285 0
6 1.47270003415179 0.103911732789129 1
4 1.20669654209632 0.021003064699471 0
4 0.494905238854699 0.565679414430633 1
7 1.47567740804516 0.570068177767098 1
2 1.28236665122677 0.560296255163848 1
6 1.10074603417888 0.815688540926203 1
4 0.0533322530100122 0.210675193462521 1
5 1.07599286839832 0.870140080805868 1
4 1.28420291421935 0.0214711725711823 0
6 0.02897408825811 0.409547094255686 1
9 1.26635144592728 0.424786000978202 1
7 0.115575434057973 0.51475745649077 1
9 0.373978420626372 0.793367695296183 1
2 1.16914267314132 0.7975097396411 1
6 0.131491380860098 0.178121929755434 1
4 0.408778645098209 0.494285512017086 1
5 1.11361371714156 0.1088242365513 1
2 1.30271186842583 0.529962825588882 1
0 1.20984211843461 0.055245301220566 0
2 0.00131013756617904 0.317580209113657 1
9 0.971067963168025 0.244048819877207 1
1 0.505852885893546 0.434286130126566 1
0 0.577709008008242 0.157261954154819 1
6 1.27876014984213 0.726531657855958 1
2 0.370984033914283 0.215129600604996 1
0 1.12580864760093 0.292264434508979 1
9 0.226140933344141 0.459467653883621 1
3 0.043606974883005 0.608802978415042 1
7 0.57220479589887 0.206907443702221 1
2 0.332034652121365 0.633115826407447 1
9 0.977299813879654 0.375083465827629 1
8 1.40773984836414 0.792623891495168 1
0 1.18353848112747 0.000798187451437116 0
4 0.159770452883095 0.759793855482712 1
6 0.308458132320084 0.118742619175464 1
0 1.44757242919877 0.804460537154227 1
2 1.15262332535349 0.193872070172802 1
9 0.0659206855343655 0.685975315980613 1
5 1.23137695295736 0.913709017448127 1
8 0.0968139631440863 0.123155196197331 1
6 1.36051881860476 0.972611992852762 1
7 0.92961127194576 0.342881948687136 1
9 0.5724085184047 0.337190973805264 1
1 1.13636815350037 0.194024971919134 1
3 0.794985347776674 0.740675897570327 1
4 1.48279916087631 0.303079769015312 1
1 0.284363620332442 0.896273506805301 1
2 0.629912854288705 0.371607514098287 1
3 1.29203148430679 0.348746558418497 1
6 0.115340506774373 0.615364329423755 1
0 0.716374786687084 0.450689536053687 1
6 0.719779975712299 0.186821274226531 1
4 0.110462207696401 0.832052652025595 1
0 1.20364669302944 0.728495122632012 1
7 0.251385839888826 0.233632702147588 1
4 0.374295563902706 0.42417785176076 1
8 1.1900377466809 0.477690730476752 1
9 1.46533826622181 0.977203716989607 1
2 0.247690404066816 0.791098101064563 1
0 1.44535691163037 0.0669876767788082 0
0 1.19599672837649 0.521506980294362 1
5 1.36963048379403 0.347605746239424 1
3 0.565720211947337 0.570434658788145 1
5 0.955731139169075 0.872617413057014 1
1 0.600171920727007 0.107123448513448 1
2 1.04524535906967 0.640759283676744 1
0 0.764047031057999 0.629656800534576 1
3 0.269513551262207 0.130748663796112 1
8 0.522727414034307 0.00182387907989323 0
5 1.29093884420581 0.0272466312162578 0
6 0.222682624007575 0.442511186702177 1
3 0.313170989393257 0.537941039539874 1
3 1.38048301578965 0.416440053377301 1
8 1.37749598594382 0.987917490070686 1
0 0.0103679507737979 0.258115824777633 1
5 1.03349214792252 0.424135400680825 1
8 1.33887045504525 0.516738571459427 1
9 0.261986279510893 0.208846294088289 1
8 0.740197324776091 0.590408516349271 1
6 0.342465957859531 0.854641338344663 1
1 1.22154848172795 0.875948243075982 1
6 0.179606871097349 0.600564824417233 1
4 0.0375866037793458 0.190036917338148 1
0 0.371772153186612 0.379356656689197 1
4 0.975791990524158 0.876319495262578 1
2 1.06505468802061 0.546905605355278 1
3 0.865953272790648 0.821736959507689 1
0 0.944936307147145 0.208291821880266 1
4 1.0011670544045 0.448743535438552 1
2 1.14282327017281 0.29584125126712 1
9 0.736033274210058 0.820675208698958 1
7 0.650062033440918 0.944603752344847 1
6 0.148442779085599 0.297938575735316 1
9 1.26516243000515 0.33392902254127 1
4 1.23668258800171 0.60687491344288 1
7 0.268871073843911 0.169091535499319 1
4 0.422905640560202 0.0473044458776712 0
7 0.0672251537907869 0.781061391811818 1
6 1.46575797954574 0.569137882441282 1
9 1.12485459144227 0.748377588810399 1
7 0.278357791132294 0.174230450997129 1
0 0.138269691145979 0.0932738131377846 0
4 1.07076246896759 0.983713976340368 1
7 0.979329758905806 0.729034720687196 1
5 1.40066789311823 0.37587250303477 1
4 1.37400939362124 0.986515699187294 1
5 1.49902933544945 0.841696565970778 1
0 0.564674643566832 0.0470155088696629 0
5 0.939283836632967 0.380949216894805 1
0 1.3826599905733 0.198655692394823 1
5 0.027677598875016 0.581681008683518 1
6 0.445131957647391 0.777907447423786 1
4 1.24202602996957 0.848929781932384 1
8 1.43224534671754 0.798308023950085 1
2 1.14668824640103 0.892410066910088 1
9 0.813600770314224 0.989916382357478 1
2 1.08368441427592 0.696847084676847 1
5 1.27546829392668 0.122572426917031 1
7 0.906778917415068 0.706946209771559 1
9 1.40280778880697 0.606447170488536 1
9 0.983956511481665 0.0978683696594089 0
6 0.351546376012266 0.117661403259262 1
7 0.116117641911842 0.179695498896763 1
8 1.21347344911192 0.134712479775771 1
9 0.242079381714575 0.0551624572835863 0
3 1.09794375440106 0.490686828969046 1
3 0.517003244021907 0.138581990730017 1
6 0.428338921861723 0.566749844001606 1
9 0.651946260826662 0.70662335306406 1
6 0.565292936051264 0.704280675388873 1
5 0.871936919284053 0.19332165713422 1
5 1.23168122093193 0.26277571124956 1
4 1.0774517749669 0.811923170927912 1
1 0.769045390072279 0.351401336956769 1
1 1.09534297068603 0.397034524474293 1
8 0.114585182745941 0.626708892174065 1
9 1.20540013199206 0.6194749022834 1
5 0.771231640479527 0.909547624643892 1
3 0.506258332170546 0.202114491490647 1
1 0.951335172518156 0.825566331157461 1
9 0.566409024875611 0.812624029349536 1
1 1.30575502105057 0.845912197604775 1
6 1.17201976384968 0.719209555070847 1
2 0.486879319651052 0.0845342290122062 0
9 1.21165066142567 0.154295726446435 1
0 0.955336410203017 0.0414292875211686 0
2 0.941725646727718 0.844690981786698 1
3 0.223481855238788 0.946760449791327 1
4 0.361801682738587 0.700283229351044 1
3 0.588421222753823 0.0989720763172954 0
5 1.44305190397426 0.58947168989107 1
6 0.62787150288932 0.242135497741401 1
5 0.0455714904237539 0.626246214378625 1
8 0.0241309114499018 0.920461926842108 1
2 1.39498294831719 0.721768378978595 1
4 0.175942965201102 0.565864161588252 1
9 0.386444458155893 0.664449294563383 1
5 1.21821903856471 0.803404093720019 1
1 0.485240615671501 0.349827819271013 1
1 0.0155174180399626 0.115891613997519 1
5 0.147306985105388 0.421916551189497 1
1 0.768486437271349 0.0732191358692944 0
8 1.44486574502662 0.659887430258095 1
2 0.987831306061707 0.205794178880751 1
5 0.996201355825178 0.587891175411642 1
3 1.24599167320412 0.596424099290743 1
8 0.0737935529323295 0.20961481705308 1
4 1.34162592224311 0.0557807411532849 0
0 0.759412275860086 0.0461110004689544 0
8 1.01723276101984 0.735166968312114 1
4 0.719634052016772 0.13771975855343 1
3 0.166949505102821 0.196496421238407 1
4 0.0697294565616176 0.936465795151889 1
3 0.700902050826699 0.546560670714825 1
8 0.847772451932542 0.9648926272057 1
9 0.934008748386987 0.845644423738122 1
5 0.253449603798799 0.376407938776538 1
7 0.783550266176462 0.110987809486687 1
4 1.24180052988231 0.925481786951423 1
5 0.59509376285132 0.744980711955577 1
6 0.571847798768431 0.650043530622497 1
5 1.46187897585332 0.0867918045260012 0
0 0.277215517591685 0.163283905712888 1
2 1.21196672797669 0.850809792755172 1
9 0.425713454489596 0.704102465882897 1
3 0.553716686437838 0.855509488144889 1
3 0.211583645548671 0.523255902342498 1
2 0.108686090447009 0.707636500941589 1
5 0.287307448103093 0.9351423420012 1
5 0.220616084290668 0.267095062881708 1
9 0.471570495399646 0.893211892340332 1
3 1.16857814358082 0.546082713175565 1
5 1.10945127904415 0.332818448776379 1
6 0.329459544969723 0.927382209338248 1
2 1.49079187551979 0.628684708150104 1
3 1.19186969473958 0.759393962565809 1
2 1.43073699076194 0.93065664335154 1
1 0.827481689513661 0.433539368445054 1
6 0.206632217857987 0.488517015473917 1
2 0.513900147168897 0.841329936403781 1
0 0.69919882924296 0.179941096575931 1
3 0.671101639978588 0.522285219980404 1
4 0.980610591592267 0.0316422118339688 0
9 1.1673641949892 0.084902378031984 0
7 1.19102891266812 0.112260003341362 1
2 0.885918358108029 0.946922251489013 1
9 0.217756102094427 0.817501654149964 1
1 0.445429987390526 0.655996820889413 1
1 1.0041545543354 0.00272653973661363 0
6 0.712248752242886 0.161043186206371 1
3 0.692537937546149 0.0295065282844007 0
7 1.13064145983662 0.877584378235042 1
4 1.40939376410097 0.199073828291148 1
6 0.244445811957121 0.677735537057742 1
8 0.0344140656525269 0.212975109228864 1
8 0.133790579857305 0.609272218309343 1
5 1.45100154855754 0.969428822631016 1
0 1.27317607006989 0.122806444298476 1
1 0.429720897926018 0.278811048949137 1
3 1.37188979994971 0.836678718915209 1
4 1.14545404049568 0.894538215361536 1
3 1.20270112319849 0.926123511279002 1
4 0.0396198495291173 0.444123414112255 1
6 0.628249960835092 0.0144401977304369 0
0 1.34068915236276 0.495706056943163 1
0 0.847497302340344 0.769720735726878 1
6 0.12195111962501 0.941554328659549 1
5 0.421987204346806 0.597762367455289 1
3 1.23423362430185 0.607014454435557 1
1 0.713767634821124 0.711951030418277 1
7 1.08627284236718 0.37971226288937 1
1 0.261554595432244 0.952510964358225 1
0 0.00487447797786444 0.187078532762825 1
1 0.42985482502263 0.747337880777195 1
3 1.37109830067493 0.06737040146254 0
6 1.30695133376867 0.239349254174158 1
5 1.25780295662116 0.946073085069656 1
