1000 2 2
100 100 100 100 100 100 100 100 100 100
2 0.0880908623803407 0.683170024771243 1
8 0.189281284576282 0.316264896653593 0
1 0.0507695919368416 0.0835243095643818 0
1 0.361059182556346 0.854526775190607 1
7 0.0887033208273351 0.132915900787339 0
4 0.366222257725894 0.672189790057018 1
4 0.606545375427231 0.596585903782398 0
2 0.798995303688571 0.527584669878706 0
4 0.491760113975033 0.711267692036927 1
2 0.791042863158509 0.41327681299299 1
6 0.344546904088929 0.244508701842278 0
7 0.991911784047261 0.919233622727916 0
4 0.10118612437509 0.407760701142251 0
9 0.552916405024007 0.644147220533341 0
2 0.0227346459869295 0.52603030577302 1
2 0.160719035658985 0.277590956538916 0
3 0.645004133461043 0.267594604287297 1
9 0.56606835196726 0.783363059163094 0
0 0.439469959354028 0.250712488777936 0
9 0.455568147357553 0.580478256801143 1
7 0.506467687897384 0.63304010941647 0
7 0.527943345019594 0.54140964965336 0
1 0.400860760360956 0.930473179090768 1
1 0.185648398241028 0.222273972118273 0
2 0.975106040015817 0.853507132967934 0
9 0.957691830350086 0.875251552788541 0
9 0.400122895138338 0.927557659102604 1
8 0.23575926059857 0.381298105465248 0
4 0.920035834191367 0.179780836915597 1
1 0.532667703693733 0.682847446994856 0
2 0.66776317358017 0.423995804740116 1
5 0.86280307197012 0.436982598621398 1
2 0.591442461591214 0.846918839262798 0
8 0.245745997875929 0.0286692618392408 0
8 0.660043119918555 0.22579432069324 1
3 0.108595875790343 0.281008029356599 0
0 0.837699095718563 0.0292590900789946 1
9 0.504150204127654 0.999198589241132 0
3 0.699406521394849 0.240744536975399 1
7 0.675578011665493 0.0728001589886844 1
8 0.822330330265686 0.915369434515014 0
6 0.719706553732976 0.268804582767189 1
6 0.0558926241938025 0.0957985550630838 0
6 0.202722627902403 0.430504100397229 0
3 0.571069737663493 0.600609480170533 0
2 0.296234900364652 0.447122494922951 0
4 0.317138580838218 0.759377712849528 1
2 0.95458942768164 0.207095362478867 1
2 0.100537018384784 0.77194186905399 1
9 0.68895551818423 0.815766413928941 0
2 0.383063138928264 0.598418024135754 1
6 0.0954968566074967 0.546572598163038 1
7 0.265777467517182 0.865068783285096 1
3 0.748834587167948 0.317513674730435 1
0 0.52302430733107 0.759603309677914 0
2 0.266928884433582 0.751589661464095 1
6 0.437906200997531 0.72821524948813 1
3 0.986855019815266 0.546135143609717 0
7 0.765027510235086 0.205748858395964 1
7 0.930712628178298 0.524295637384057 0
0 0.548113513039425 0.498858549632132 1
5 0.93219122546725 0.0439135171473026 1
4 0.0424114353954792 0.620060435961932 1
6 0.901914911111817 0.207153990631923 1
2 0.71479689097032 0.0183089866768569 1
7 0.549043200211599 0.0345428430009633 1
6 0.155069714412093 0.821659079054371 1
2 0.232073230901733 0.609224044717848 1
0 0.0713979483116418 0.552132588112727 1
8 0.710796025814489 0.986114067956805 0
0 0.223294957540929 0.21014946186915 0
0 0.188687587622553 0.0456596950534731 0
1 0.689905567793176 0.642446185229346 0
8 0.204651031410322 0.337469764985144 0
4 0.389240653952584 0.793648992432281 1
7 0.993559775408357 0.774508723057806 0
6 0.335097594419494 0.929778120713308 1
3 0.101155373267829 0.272475000238046 0
4 0.975322284270078 0.70587960164994 0
8 0.21762027638033 0.857140301493928 1
1 0.33208467438817 0.377479179296643 0
4 0.234962030081078 0.813147261040285 1
3 0.815743340877816 0.41927026771009 1
2 0.0323382397182286 0.0680163479410112 0
8 0.148126812651753 0.691140091978014 1
5 0.800307067809626 0.0861612386070192 1
5 0.572672336362302 0.14387323660776 1
8 0.746667435858399 0.537743031745777 0
0 0.665343327913433 0.183552106376737 1
5 0.451750694541261 0.113187468145043 0
3 0.568825834896415 0.276579711120576 1
1 0.780156150925905 0.871912368806079 0
3 0.0940196751616895 0.20085022598505 0
3 0.373301770538092 0.0317573002539575 0
4 0.802882501622662 0.812360008945689 0
4 0.0473785512149334 0.125126129249111 0
7 0.90745872980915 0.750498026842251 0
9 0.0739018574822694 0.64870208571665 1
0 0.0214181153569371 0.485420895274729 0
6 0.4179552863352 0.654848013538867 1
7 0.349301235983148 0.333169390214607 0
6 0.99550447310321 0.625844507943839 0
0 0.150186019483954 0.716391451191157 1
7 0.851624271599576 0.87617049831897 0
9 0.332674572942778 0.65448523289524 1
8 0.0393391831312329 0.749104914488271 1
7 0.461883115116507 0.907331274356693 1
7 0.347056981408969 0.287440190790221 0
7 0.853362442459911 0.788864941801876 0
1 0.810317367548123 0.0844873788300902 1
0 0.52384289749898 0.75801708502695 0
7 0.640705580357462 0.661351880291477 0
9 0.0175098162144423 0.100141000468284 0
5 0.598080535652116 0.779268748592585 0
0 0.303689847467467 0.894782342016697 1
9 0.792633367003873 0.728597650537267 0
0 0.415865769376978 0.177477744175121 0
7 0.247157569043338 0.0902016821783036 0
2 0.117172654019669 0.284939230419695 0
4 0.60691835032776 0.388176976237446 1
4 0.179275274043903 0.76977958297357 1
6 0.956165935145691 0.0854935559909791 1
5 0.239026474999264 0.615994780324399 1
4 0.921408418333158 0.472999294986948 1
4 0.196767284534872 0.92096073133871 1
5 0.192556901602075 0.971980114933103 1
7 0.960106205195189 0.150830219034106 1
2 0.223062120843679 0.986102874623612 1
1 0.299082257552072 0.0767435301095247 0
9 0.940379651729017 0.851455904310569 0
1 0.207100360188633 0.594137725885957 1
4 0.158082921989262 0.216976250289008 0
8 0.890569963259622 0.285206768428907 1
7 0.82003748533316 0.291390030412003 1
0 0.476728241657838 0.324636270059273 0
7 0.539189527509734 0.803865543333814 0
0 0.811936437385157 0.308846250642091 1
1 0.983867653645575 0.317966532893479 1
1 0.750780601520091 0.00924584269523621 1
8 0.326024428242818 0.0548602696508169 0
3 0.498164907563478 0.700550149194896 1
1 0.449928658083081 0.468862984096631 0
6 0.319254891481251 0.442882766248658 0
2 0.98721617879346 0.816055757226422 0
1 0.890129595529288 0.665141495410353 0
3 0.526206053094938 0.572763399686664 0
7 0.997065622825176 0.473493676399812 1
3 0.43954087770544 0.136362769175321 0
0 0.620968858478591 0.258608316304162 1
5 0.831368857529014 0.312022081110626 1
5 0.508818575413898 0.214967960026115 1
5 0.0936014358885586 0.580018412321806 1
8 0.74975769710727 0.406208987347782 1
1 0.519967334810644 0.860931725241244 0
8 0.79239613818936 0.0811057733371854 1
5 0.913304081419483 0.00949275144375861 1
9 0.0911513806786388 0.714873862685636 1
6 0.714171200525016 0.695910601411015 0
1 0.298735554330051 0.569688661023974 1
9 0.380188992712647 0.705790644977242 1
2 0.46528901043348 0.275174141628668 0
2 0.113405965501443 0.651880220510066 1
1 0.687215745681897 0.205325021641329 1
1 0.500779318623245 0.812790777999908 0
4 0.753387857694179 0.16392075875774 1
4 0.0450551114045084 0.486580928787589 0
1 0.153295646887273 0.115308706182986 0
2 0.984220466110855 0.328459026524797 1
0 0.488594672409818 0.844063290860504 1
4 0.616048659197986 0.107611439423636 1
0 0.163936149794608 0.78907454223372 1
2 0.0559973372146487 0.868676061043516 1
7 0.735476067988202 0.912464005872607 0
3 0.248165536671877 0.914977661101148 1
0 0.360623713117093 0.312171840574592 0
5 0.665945390006527 0.323261229321361 1
8 0.463777024997398 0.605441362829879 1
3 0.540263237198815 0.752284096321091 0
5 0.23920037667267 0.27652838290669 0
2 0.27678675414063 0.843544750707224 1
5 0.117344043217599 0.230155109893531 0
1 0.516570369247347 0.494656659197062 1
8 0.676961297169328 0.347678137477487 1
6 0.213641229318455 0.743964453227818 1
6 0.424893603427336 0.829500946681947 1
7 0.810475553618744 0.0735293205361813 1
9 0.771693674614653 0.238395225256681 1
2 0.802872763713822 0.3293798181694 1
7 0.0474636126309633 0.445205667288974 0
4 0.818987109465525 0.470306101487949 1
7 0.135904937516898 0.585753782186657 1
7 0.833622901933268 0.932521276408806 0
1 0.825567679945379 0.182800527196378 1
1 0.471680624643341 0.795412455685437 1
9 0.595668336609378 0.235774574801326 1
3 0.445756708271801 0.467338907299563 0
5 0.182236169930547 0.0703624810557812 0
9 0.839426970342174 0.33336300519295 1
2 0.602895280811936 0.803030127193779 0
7 0.0309128810185939 0.497024439973757 0
4 0.946039321832359 0.162907837890089 1
1 0.835764477495104 0.6542951350566 0
7 0.297072764253244 0.750322702340782 1
9 0.980525334365666 0.333959718467668 1
5 0.650544713716954 0.676447912817821 0
9 0.425148718757555 0.678035081131384 1
9 0.771423490950838 0.922957429196686 0
8 0.161701808217913 0.817118480335921 1
1 0.35537189617753 0.308009541127831 0
0 0.673954528057948 0.282777101267129 1
4 0.276150093879551 0.253637241199613 0
9 0.311465352308005 0.705745182698593 1
4 0.601161806378514 0.85509769921191 0
2 0.653962269658223 0.0783901801332831 1
6 0.268962447531521 0.67258824291639 1
4 0.878563809208572 0.118635301943868 1
7 0.142896790290251 0.735331028001383 1
4 0.282660241704434 0.196715466910973 0
4 0.259784002322704 0.813168488675728 1
8 0.74556793528609 0.624379870016128 0
6 0.645703754853457 0.360174390487373 1
3 0.656854317290708 0.514003273099661 0
6 0.167227963916957 0.373315921286121 0
7 0.973402068717405 0.865152251208201 0
3 0.916553053306416 0.319448099005967 1
8 0.203616916434839 0.940624387469143 1
8 0.54592799465172 0.0982800773344934 1
4 0.307829343015328 0.221349076135084 0
1 0.130116525571793 0.389260159805417 0
4 0.709122287109494 0.34975513885729 1
7 0.365867818705738 0.250477450434119 0
5 0.0317411671858281 0.0459585362114012 0
6 0.582950187148526 0.171932302415371 1
4 0.636273419251665 0.646375688491389 0
3 0.217856397619471 0.217490158509463 0
6 0.280745500465855 0.54785312153399 1
3 0.320302088744938 0.247205113759264 0
1 0.520517717115581 0.904778047697619 0
9 0.321293382672593 0.47414411441423 0
6 0.127377468394116 0.566537133883685 1
4 0.0111382363829762 0.0423420725855976 0
4 0.820753067266196 0.346861112629995 1
2 0.525317776948214 0.0121193516533822 1
2 0.351217662915587 0.147237427765504 0
0 0.330267458921298 0.111992070451379 0
9 0.810845605563372 0.151822209591046 1
0 0.697204497409984 0.351760107558221 1
2 0.24440311640501 0.584159691585228 1
5 0.0390339512377977 0.579796661622822 1
2 0.976765455212444 0.00369659042917192 1
0 0.846781467786059 0.797998251626268 0
6 0.145906826248392 0.24138444266282 0
4 0.424270526738837 0.756845281459391 1
8 0.606539285974577 0.656278278678656 0
3 0.322136476635933 0.6516131258104 1
1 0.644015504512936 0.478629309218377 1
6 0.218228468671441 0.166538483463228 0
3 0.28754677856341 0.364061800995842 0
8 0.423239493975416 0.103854729561135 0
0 0.604572480311617 0.282131239539012 1
7 0.74026311468333 0.58385381102562 0
1 0.870964431902394 0.881740237819031 0
7 0.87201768043451 0.00213842466473579 1
8 0.622186376946047 0.753198076738045 0
5 0.106764419935644 0.547323666745797 1
1 0.452079496812075 0.449964976636693 0
9 0.492941605392843 0.245520210126415 0
5 0.0550180738791823 0.0172296529635787 0
5 0.548782545840368 0.341168418293819 1
9 0.164113311562687 0.817590422229841 1
9 0.757417030632496 0.739683383144438 0
9 0.861311422893777 0.90274112042971 0
0 0.344003989826888 0.548456383869052 1
4 0.700941138900816 0.974677772261202 0
4 0.0733961698133498 0.482277134433389 0
8 0.0633822353556752 0.803350822301582 1
0 0.651342866709456 0.283257680712268 1
7 0.0273146978579462 0.595893466612324 1
7 0.486399923451245 0.456094721332192 0
5 0.603693311102688 0.417263173265383 1
9 0.278240580810234 0.418729381635785 0
2 0.404759430093691 0.0531692691147327 0
1 0.661969531094655 0.227972594089806 1
7 0.867482298985124 0.0421936213970184 1
4 0.184053787961602 0.803443886339664 1
4 0.286901510553434 0.342581363627687 0
1 0.557938350364566 0.503469676245004 0
1 0.105498089222237 0.568269504699856 1
0 0.33235394442454 0.141588371479884 0
8 0.318019180325791 0.983617074554786 1
7 0.0678601572290063 0.5673523764126 1
3 0.854010245064273 0.689467870863155 0
6 0.405113769695163 0.512897884706035 1
7 0.149885278893635 0.60320026287809 1
9 0.0725051607005298 0.710802504094318 1
4 0.334277132991701 0.679571816697717 1
6 0.298086022725329 0.862812112318352 1
8 0.576312895165756 0.498174446169287 1
5 0.0627182372845709 0.587351077236235 1
8 0.130557991098613 0.685487350448966 1
1 0.429737142985687 0.562049831962213 1
0 0.797028871020302 0.377504507312551 1
5 0.860395587980747 0.689929830608889 0
9 0.494256243575364 0.284633815288544 0
7 0.424410525243729 0.583592458395287 1
8 0.97283480502665 0.376250796485692 1
5 0.908939697081223 0.826609905809164 0
9 0.309074658900499 0.828148716827855 1
9 0.308536523021758 0.621996864909306 1
8 0.103201033081859 0.362148809246719 0
6 0.366164918756112 0.0175996574107558 0
4 0.55348091525957 0.0280877356417477 1
6 0.436640912201256 0.797679520677775 1
0 0.921293280320242 0.144778253277764 1
6 0.941458728397265 0.879202555632219 0
0 0.356750548118725 0.216076466720551 0
2 0.233524732058868 0.563117016106844 1
3 0.86146303336136 0.899435630068183 0
1 0.0747243934310973 0.686838102061301 1
4 0.299810325494036 0.312483511632308 0
1 0.271281487774104 0.0648172004148364 0
5 0.759936133399606 0.724023333285004 0
9 0.0461156226228923 0.165892392396927 0
7 0.450898855458945 0.507612834684551 1
1 0.733713958412409 0.0664708355907351 1
4 0.313896816689521 0.831440531648695 1
0 0.505658187204972 0.328494125278667 1
5 0.604487121803686 0.636016408447176 0
8 0.928448329912499 0.555447441292927 0
2 0.992989212973043 0.511795465601608 0
6 0.662798436824232 0.401760784909129 1
6 0.0569052556529641 0.183096867054701 0
7 0.73990867799148 0.068171618739143 1
8 0.445083138998598 0.406099004205316 0
9 0.839531699893996 0.825670764781535 0
8 0.791711353464052 0.405561786144972 1
9 0.64074860047549 0.759169079130515 0
0 0.911064831539989 0.429770789807662 1
8 0.843689351575449 0.745189504465088 0
1 0.996442423900589 0.942478304496035 0
0 0.379952600225806 0.000514548970386386 0
1 0.719377712113783 0.910152382450178 0
3 0.130882353754714 0.213286594953388 0
7 0.0626163131091744 0.282642240170389 0
5 0.991165632614866 0.554849934298545 0
0 0.208087712293491 0.862198718357831 1
0 0.146783781936392 0.61643280624412 1
1 0.932778255548328 0.985032592201605 0
5 0.0598796457052231 0.969225357286632 1
6 0.1834196371492 0.435247814282775 0
1 0.010592823382467 0.446976283797994 0
2 0.753982646623626 0.958818994695321 0
8 0.164204142754897 0.558267120504752 1
6 0.518685929477215 0.638539836509153 0
0 0.255160178057849 0.0906686671078205 0
7 0.557452993234619 0.861477919854224 0
8 0.435332173015922 0.881275906227529 1
8 0.312374177156016 0.756452240049839 1
8 0.22174253500998 0.4617628834676 0
3 0.939835525350645 0.195572784170508 1
9 0.713570833206177 0.82975971326232 0
2 0.216131765395403 0.662974188337103 1
4 0.939090671716258 0.15921447169967 1
0 0.989765395177528 0.407629682915285 1
2 0.0771505462471396 0.666622675722465 1
0 0.773254677187651 0.737151740351692 0
2 0.315600690199062 0.783830102533102 1
2 0.492489471100271 0.65009747678414 1
5 0.478464101441205 0.90575024113059 1
3 0.391572889406234 0.193512035533786 0
3 0.131084504770115 0.705400954931974 1
9 0.921819205395877 0.00508897961117327 1
8 0.28253605728969 0.988408957142383 1
3 0.343956113560125 0.05402976507321 0
3 0.00867369282059371 0.287591074593365 0
3 0.988719801884145 0.798296391963959 0
6 0.188640100182965 0.191239544656128 0
3 0.475541019812226 0.938812071923167 1
6 0.794794745510444 0.903635438065976 0
7 0.149794302647933 0.796980101615191 1
1 0.246383766876534 0.542146772379056 1
5 0.760792055632919 0.330472174333408 1
4 0.763105048099533 0.293146234471351 1
8 0.252366578672081 0.826934160431847 1
1 0.377110254019499 0.536151424748823 1
2 0.99824061919935 0.031514777103439 1
6 0.31308553298004 0.9914717359934 1
3 0.67749959952198 0.59350399277173 0
0 0.485976428026333 0.638347582891583 1
3 0.183947162237018 0.266192100709304 0
7 0.864742451813072 0.0986324376426637 1
4 0.417374469572678 0.82853470556438 1
1 0.39132654061541 0.797128225909546 1
6 0.348763243528083 0.301023051841184 0
5 0.283918213099241 0.0103539917618036 0
0 0.364504286088049 0.786698067327961 1
9 0.361002570251003 0.109003506135195 0
0 0.272977121639997 0.0984985514078289 0
5 0.562844617757946 0.573551797773689 0
7 0.35831405594945 0.493846878409386 0
8 0.73537194984965 0.0670757936313748 1
7 0.154731804970652 0.156583573436365 0
2 0.218696933472529 0.738416134146973 1
0 0.00657671317458153 0.432196113513783 0
1 0.119449342601001 0.403065167134628 0
3 0.506044331239536 0.0485529867000878 1
3 0.911739592207596 0.735399133525789 0
6 0.0796351742465049 0.404337988235056 0
0 0.421079310122877 0.8056257260032 1
9 0.996226373128593 0.0581756804604083 1
5 0.253248995868489 0.666324426420033 1
8 0.458211558870971 0.0394839269574732 0
8 0.108936371514574 0.920743120601401 1
4 0.953667777124792 0.403776314342394 1
9 0.812329136999324 0.920628017280251 0
8 0.970753487199545 0.523389160400257 0
4 0.410677489591762 0.210196064552292 0
2 0.274089911021292 0.366022403817624 0
2 0.656593543011695 0.62348591000773 0
6 0.95675567840226 0.00956162228249013 1
2 0.912699713371694 0.51409752573818 0
3 0.590348658617586 0.557597515173256 0
1 0.665379896527156 0.930904673412442 0
6 0.413765821605921 0.303837545914575 0
8 0.406923115020618 0.312458457192406 0
7 0.560318603180349 0.676325188484043 0
3 0.716674856375903 0.187165502458811 1
5 0.107903721975163 0.830441893311217 1
8 0.545959409326315 0.794774921610951 0
3 0.686065305722877 0.645236453274265 0
7 0.460048464592546 0.885658396407962 1
4 0.419511692132801 0.127470325445756 0
9 0.0756502056028694 0.898650258546695 1
0 0.286766366334632 0.9658066064585 1
1 0.689533166354522 0.723651829408482 0
4 0.612216528039426 0.876179923070595 0
8 0.543656893540174 0.82802326628007 0
5 0.0333775586914271 0.99001835891977 1
3 0.241145739099011 0.390423036646098 0
4 0.633046098984778 0.658631102181971 0
3 0.743360036518425 0.752690113615245 0
2 0.779252900043502 0.591982620768249 0
8 0.445781722897664 0.933831724338233 1
5 0.0292345923371613 0.000956912524998188 0
8 0.735749230021611 0.543168674921617 0
7 0.730145565699786 0.985222195740789 0
5 0.845686641754583 0.688574961852282 0
6 0.776913309004158 0.327399746514857 1
5 0.477029319386929 0.852118543116376 1
6 0.509223304223269 0.852664941689 0
8 0.489516025176272 0.0179301800671965 0
8 0.950428526382893 0.456920177908614 1
4 0.427843450801447 0.760448826709762 1
8 0.831909781089053 0.741104035405442 0
7 0.544141498859972 0.0629337164573371 1
4 0.857108656782657 0.533035625005141 0
1 0.544345592381433 0.150095089105889 1
2 0.950328193837777 0.65882534487173 0
3 0.309250003425404 0.0118508210871369 0
0 0.432746814098209 0.416588332038373 0
5 0.712828513467684 0.724116186145693 0
1 0.69801244745031 0.352585857966915 1
6 0.949294683989137 0.662880324758589 0
5 0.512141361134127 0.33969530579634 1
2 0.0615410192403942 0.323972078738734 0
5 0.781046555610374 0.662773758871481 0
8 0.162706294795498 0.359636785229668 0
3 0.250896264100447 0.161626156419516 0
8 0.0562898241914809 0.855021106079221 1
0 0.922226555878296 0.347515919944271 1
0 0.433061683317646 0.583849848015234 1
1 0.344245951157063 0.634513552533463 1
0 0.967752340715379 0.602515015751123 0
8 0.861099145608023 0.220744632650167 1
4 0.182358332211152 0.674525489332154 1
9 0.618805657373741 0.244738422799855 1
9 0.999976148130372 0.639223020290956 0
2 0.361452641896904 0.996293416013941 1
9 0.851493683177978 0.474026185460389 1
4 0.896777334855869 0.247321787523106 1
4 0.601092221448198 0.722781911725178 0
5 0.692785246530548 0.355990619864315 1
9 0.0859278198331594 0.440412173746154 0
8 0.0773829428944737 0.472821212839335 0
2 0.509220043430105 0.258075104560703 1
9 0.0896571448538452 0.540280416840687 1
0 0.464159843511879 0.947572406381369 1
3 0.193671225570142 0.0120530736166984 0
3 0.120180141180754 0.46474819094874 0
0 0.743605359923095 0.897374198306352 0
8 0.355270974803716 0.212368780747056 0
9 0.987329580122605 0.567708935355768 0
9 0.254009039374068 0.238194791832939 0
4 0.251060277456418 0.0628781272098422 0
9 0.036003532120958 0.13675868907012 0
7 0.158901041839272 0.648521719500422 1
6 0.130231277551502 0.497644750401378 0
9 0.662806686013937 0.738004802260548 0
7 0.41685164696537 0.940561883384362 1
2 0.874980011722073 0.484918574569747 1
4 0.508524278178811 0.458673148881644 1
9 0.827326380182058 0.725606478285044 0
6 0.647785119246691 0.498811790253967 1
9 0.0818041660822928 0.642454348038882 1
6 0.08124805893749 0.491699917241931 0
4 0.937340099131688 0.910395583836362 0
7 0.883387019392103 0.615810878342018 0
2 0.741695875767618 0.457709665875882 1
3 0.011983273550868 0.950170916970819 1
1 0.321015087654814 0.157981248572469 0
6 0.0203407616354525 0.286672181682661 0
4 0.894813190912828 0.365642061457038 1
3 0.0211816835217178 0.161276780767366 0
5 0.469723627669737 0.921094296267256 1
1 0.126744829583913 0.534973728703335 1
2 0.704471424454823 0.448497123084962 1
9 0.447440080577508 0.887250113999471 1
7 0.812161944340914 0.191520454594865 1
1 0.260299526154995 0.582163718529046 1
5 0.437300544930622 0.754335137084126 1
5 0.601445632986724 0.908851153450087 0
4 0.222397719975561 0.845573297236115 1
3 0.411960307974368 0.0892164185643196 0
9 0.169862894108519 0.923190382774919 1
4 0.791963631520048 0.322074006311595 1
1 0.590509610017762 0.310522489715368 1
7 0.172418216010556 0.85163040086627 1
6 0.959872496547177 0.897309642517939 0
8 0.869205752154812 0.280819930136204 1
9 0.470821919152513 0.804607099154964 1
2 0.808136249193922 0.728808747371659 0
6 0.585457436973229 0.0786396197509021 1
1 0.516417857026681 0.210348849184811 1
6 0.107974942307919 0.997771548107266 1
6 0.526634459150955 0.130999666173011 1
5 0.29817626811564 0.151396506931633 0
3 0.301692945184186 0.948767298832536 1
9 0.834404716966674 0.99690536246635 0
3 0.883869817480445 0.0253146393224597 1
7 0.851090621203184 0.996234697988257 0
0 0.83125087316148 0.229107307270169 1
8 0.444298063870519 0.597169419517741 1
2 0.20110706682317 0.510489601176232 1
2 0.526384860975668 0.612571594072506 0
3 0.517696289578453 0.0709903119131923 1
7 0.353795170318335 0.111027989303693 0
0 0.100765275070444 0.0154022704809904 0
2 0.633773273089901 0.0906859231181443 1
5 0.80142472893931 0.902461725752801 0
4 0.624893485568464 0.130271091125906 1
4 0.394529176177457 0.814417127985507 1
9 0.575890686595812 0.914466094691306 0
7 0.541835790034384 0.912012718152255 0
4 0.778189127566293 0.0231402246281505 1
5 0.0835265568457544 0.273496008012444 0
8 0.838774251751602 0.902684424305335 0
8 0.294866107637063 0.939583870582283 1
1 0.167707128450274 0.969082016032189 1
5 0.38113524671644 0.252408227417618 0
8 0.380813334137201 0.888907815562561 1
9 0.112456543371081 0.921704787528142 1
8 0.803906033514068 0.0476718372665346 1
3 0.79869384970516 0.127802569651976 1
1 0.379138839896768 0.513327622553334 1
1 0.613194994395599 0.50654977443628 0
9 0.410437595797703 0.742211208445951 1
8 0.57469829171896 0.851226917700842 0
8 0.374981973320246 0.636008118046448 1
7 0.525680279359221 0.806838157353923 0
5 0.872837917879224 0.0355836551170796 1
2 0.866798898670822 0.763235107064247 0
5 0.928241015644744 0.555671411100775 0
6 0.383331305347383 0.51664379844442 1
3 0.382098620990291 0.773335363948718 1
0 0.263729417230934 0.915484537370503 1
0 0.883122980827466 0.570800732355565 0
7 0.259205769514665 0.0622092157136649 0
5 0.555048340698704 0.211027667392045 1
0 0.71387402433902 0.210691171465442 1
5 0.697792490245774 0.843511259183288 0
7 0.9514971668832 0.295114691834897 1
0 0.546818988863379 0.972439003642648 0
5 0.773348022252321 0.0920581840910017 1
8 0.505088044563308 0.00282451556995511 1
9 0.284782841801643 0.54614453855902 1
3 0.15690275398083 0.502346062567085 1
6 0.548061299603432 0.381868734257296 1
1 0.538747670594603 0.541094677289948 0
4 0.963521974626929 0.260915762279183 1
3 0.943455577595159 0.175356190185994 1
2 0.911157393595204 0.580381500069052 0
9 0.261430775513873 0.748149419669062 1
1 0.565607749391347 0.928572247270495 0
7 0.374519779114053 0.392687277402729 0
1 0.520881434204057 0.858410398475826 0
7 0.514770397450775 0.715036771260202 0
1 0.890545708825812 0.0551463672891259 1
2 0.756431384477764 0.237745829392225 1
5 0.483497847337276 0.676748559577391 1
9 0.346885705599561 0.966372543713078 1
1 0.981795090250671 0.17229735176079 1
1 0.0635186715517193 0.734215460484847 1
9 0.157817255472764 0.654918348416686 1
2 0.916403196519241 0.106015106430277 1
2 0.271135795162991 0.502869202988222 1
2 0.938038191292435 0.474044322501868 1
2 0.699182218406349 0.589931874535978 0
0 0.454065320314839 0.924310629721731 1
1 0.134123503929004 0.0445066280663013 0
0 0.678800594527274 0.724676909158006 0
4 0.509683835553005 0.537963088834658 0
9 0.301550201140344 0.367436143103987 0
9 0.629208555212244 0.954991707345471 0
7 0.166771377203986 0.269880473148078 0
8 0.48532002652064 0.587032641284168 1
4 0.276600829325616 0.142085862345994 0
1 0.742182660615072 0.0747239084448665 1
4 0.403705653501675 0.375558972125873 0
8 0.389675642596558 0.0782694129738957 0
2 0.542860905639827 0.250704660546035 1
7 0.731711561093107 0.825594945810735 0
0 0.519651114940643 0.184849622426555 1
5 0.0973696992732584 0.438347631832585 0
8 0.306138184620067 0.212440126342699 0
3 0.111505659529939 0.122581706615165 0
5 0.393163844244555 0.101967500522733 0
5 0.581993533065543 0.742897012503818 0
0 0.217963864095509 0.649603793164715 1
3 0.476504472317174 0.553260173415765 1
5 0.893446023343131 0.973923963261768 0
4 0.0564305006992072 0.050954056205228 0
7 0.801502131856978 0.469050155952573 1
6 0.205611924408004 0.0836067902855575 0
4 0.21196843450889 0.760389602510259 1
1 0.939326335676014 0.433418852742761 1
7 0.732403988251463 0.771600879263133 0
1 0.509851078735664 0.409775191685185 1
5 0.633260032860562 0.545146871125326 0
3 0.965310486033559 0.809345604386181 0
7 0.474531147629023 0.385515591828153 0
5 0.917584623675793 0.266926037846133 1
8 0.00174863124266267 0.950993784470484 1
5 0.0062021748162806 0.0602849433198571 0
4 0.234334863489494 0.958758412394673 1
4 0.670723597053438 0.977684086887166 0
0 0.188159357523546 0.723944603465497 1
0 0.742029024288058 0.366147559368983 1
6 0.476458073128015 0.955807340331376 1
0 0.531386762857437 0.356998571194708 1
3 0.121428576530889 0.680590639589354 1
3 0.214650306850672 0.204163470538333 0
6 0.0884122885763645 0.0790903121232986 0
9 0.657915502553806 0.309097280725837 1
2 0.45315352617763 0.998361709993333 1
4 0.968291047494859 0.897763987537473 0
4 0.45638140430674 0.980323930969462 1
9 0.174183166353032 0.313768930500373 0
7 0.242985971970484 0.069986438145861 0
3 0.982458128826693 0.669505600817502 0
8 0.400145071092993 0.0610729423351586 0
9 0.556175219127908 0.638058716664091 0
5 0.388599136145785 0.285192142240703 0
9 0.518400707980618 0.0150412984658033 1
0 0.721657311078161 0.218638131162152 1
1 0.635281465947628 0.641564687015489 0
7 0.337441490963101 0.863899632822722 1
5 0.431519963778555 0.855748849920928 1
2 0.922120443545282 0.2660328859929 1
2 0.94947964977473 0.00605115969665349 1
0 0.479994695167989 0.999156103469431 1
0 0.524413616163656 0.791238995268941 0
9 0.272067988757044 0.487989878514782 0
1 0.929532266687602 0.348803710192442 1
4 0.474629164207727 0.424584223888814 0
5 0.907419409835711 0.947994182351977 0
7 0.127254379913211 0.713604136602953 1
8 0.62258473969996 0.641599780414253 0
0 0.0798709264490753 0.405085109174252 0
4 0.54409431735985 0.771707257488742 0
9 0.214075063122436 0.835036779288203 1
7 0.96970178745687 0.326331655494869 1
2 0.256926986156031 0.435246589360759 0
1 0.419317243853584 0.109772151568905 0
5 0.903639806900173 0.361878897296265 1
8 0.206166169140488 0.735733258770779 1
6 0.678190143080428 0.147666411707178 1
9 0.0134061612188816 0.756397819146514 1
6 0.145226556807756 0.277763906400651 0
1 0.170520941028371 0.957842396805063 1
6 0.833051360445097 0.0169990174472332 1
6 0.708538419334218 0.697801954112947 0
4 0.667852211743593 0.0665365906897932 1
3 0.0673562127631158 0.646881303982809 1
6 0.640281559433788 0.0403523042332381 1
4 0.670616328949109 0.198230950394645 1
5 0.512584779411554 0.334407531656325 1
1 0.167076861253008 0.659969551488757 1
6 0.48747671302408 0.706136719090864 1
1 0.467467230977491 0.103497399482876 0
9 0.0805256166495383 0.508605628507212 1
0 0.0826559048146009 0.524260476231575 1
3 0.035039160400629 0.196813389426097 0
6 0.0643963157199323 0.410944824805483 0
6 0.694640328641981 0.529519477160648 0
3 0.84339200053364 0.151723979506642 1
7 0.433380855014548 0.167878782842308 0
0 0.659470561193302 0.69906146498397 0
1 0.96223505306989 0.0865723087918013 1
5 0.12689738930203 0.369541746098548 0
7 0.874901726143435 0.731097337324172 0
5 0.873993353219703 0.147751786280423 1
2 0.342024760786444 0.0326781498733908 0
3 0.71235757577233 0.0533391311764717 1
0 0.0296046223957092 0.883943129330873 1
2 0.507672278909013 0.164070545928553 1
6 0.934463782003149 0.461536797229201 1
5 0.316744919633493 0.201086712069809 0
9 0.533464092994109 0.0445344119798392 1
2 0.858847020659596 0.332510750740767 1
0 0.525913889054209 0.187169565120712 1
3 0.167475464753807 0.21479258663021 0
3 0.55820888071321 0.0482476996257901 1
9 0.151945222401991 0.176209690514952 0
5 0.205487174214795 0.288444287376478 0
2 0.919402202358469 0.7721813977696 0
5 0.542104579741135 0.174266553949565 1
2 0.154459437122568 0.17307309131138 0
3 0.684105432359502 0.719226454384625 0
6 0.538086315384135 0.531992517411709 0
6 0.84175806469284 0.15178707940504 1
7 0.108735784888268 0.223783433204517 0
3 0.0828493549488485 0.505615392699838 1
9 0.263320447411388 0.298463001614437 0
1 0.445034481352195 0.0509567453991622 0
2 0.83667993103154 0.467847352847457 1
8 0.554650168865919 0.00810854509472847 1
5 0.762786858715117 0.153872187482193 1
0 0.452496649930254 0.0811778020579368 0
6 0.324491076404229 0.257724256254733 0
8 0.484507179586217 0.991719578392804 1
7 0.758754988200963 0.602379869436845 0
1 0.560449058422819 0.692008282057941 0
9 0.292072394164279 0.173150696558878 0
2 0.996827381663024 0.492165234172717 1
6 0.935682989889756 0.108304649125785 1
3 0.75682285008952 0.530827985843644 0
2 0.229989708634093 0.774588366039097 1
5 0.715419407468289 0.477097662165761 1
2 0.794514479348436 0.734325083205476 0
9 0.26161177828908 0.529444065177813 1
0 0.833375896327198 0.268876472255215 1
2 0.948111856356263 0.219698884990066 1
4 0.994094014167786 0.231405975995585 1
7 0.202514143427834 0.348370105493814 0
2 0.649683930678293 0.509616794995964 0
9 0.376545917475596 0.199446198763326 0
4 0.371188779827207 0.172459515044466 0
4 0.846948443446308 0.260155353462324 1
3 0.499462364707142 0.296683924738318 0
4 0.593841770431027 0.644689940614626 0
1 0.939902277896181 0.231927287299186 1
8 0.0648334862198681 0.462393001886085 0
6 0.965994663769379 0.0863044180441648 1
5 0.0515169291757047 0.120967407012358 0
8 0.0246753732208163 0.675139972474426 1
0 0.512573753250763 0.300174296367913 1
6 0.607984421309084 0.517748778918758 0
6 0.0906509608030319 0.253485194407403 0
0 0.52324468572624 0.632372997701168 0
6 0.640456428518519 0.855444143293425 0
4 0.0679199502337724 0.539531261892989 1
8 0.0961753271985799 0.35635602590628 0
9 0.910822715610266 0.386689944658428 1
9 0.929631672333926 0.437037909170613 1
9 0.644545087823644 0.88794685062021 0
1 0.43668291834183 0.842731038341299 1
8 0.311796097317711 0.739633350400254 1
5 0.70772610954009 0.107531666290015 1
7 0.114912131102756 0.0817734436132014 0
4 0.680717375595123 0.47223621676676 1
2 0.896957388613373 0.236553915776312 1
6 0.470774851506576 0.161300893407315 0
5 0.138562216190621 0.601431843126193 1
3 0.977909423178062 0.103437153156847 1
3 0.035899109672755 0.173707077978179 0
0 0.14844532427378 0.544284890638664 1
3 0.0361727303825319 0.198701369343325 0
7 0.271853601327166 0.0695338700897992 0
1 0.95739691122435 0.753120720153674 0
8 0.00704530882649124 0.203552157385275 0
6 0.598440908594057 0.0911090930458158 1
0 0.508137727854773 0.13228423660621 1
2 0.241256253561005 0.721200269646943 1
9 0.816735566826537 0.782831963850185 0
2 0.720089617883787 0.891727925278246 0
4 0.535301123512909 0.269195928238332 1
6 0.687986212549731 0.243092462653294 1
0 0.916051417123526 0.385479849763215 1
3 0.877153984038159 0.990315859671682 0
6 0.239377659279853 0.403902800520882 0
6 0.513353555696085 0.00189701654016972 1
5 0.965282013406977 0.103085323935375 1
7 0.865461612120271 0.821974974591285 0
8 0.602248852141201 0.214997405186296 1
8 0.933839690871537 0.15133400214836 1
6 0.222913912730291 0.315062905428931 0
8 0.0559069642331451 0.218507721088827 0
6 0.152929895091802 0.240234548225999 0
1 0.281769599067047 0.190827565733343 0
5 0.633086986839771 0.500138721661642 0
2 0.232921931892633 0.893990678014234 1
0 0.483690657652915 0.487913924502209 0
0 0.741550072561949 0.160179660422727 1
5 0.104400341631845 0.210737873334438 0
0 0.5880675483495 0.0924490939360112 1
8 0.922365793492645 0.946009160019457 0
3 0.0637500125449151 0.774185725720599 1
3 0.738713730825111 0.161856458056718 1
0 0.250615218188614 0.772174965823069 1
7 0.509018189273775 0.0463945984374732 1
1 0.643447696464136 0.231068663066253 1
6 0.87305857334286 0.771340580889955 0
6 0.70471757510677 0.117252379888669 1
9 0.205961446510628 0.751672556856647 1
7 0.303710050415248 0.0618479494005442 0
8 0.888034509727731 0.94412314449437 0
0 0.589280316140503 0.295237635960802 1
1 0.543779155937955 0.99058320815675 0
2 0.421701520448551 0.378163062501699 0
9 0.6626888634637 0.296804226469249 1
3 0.700926593272015 0.121154704364017 1
5 0.0285114094149321 0.642308165784925 1
0 0.805103293852881 0.146777274087071 1
2 0.784629294415936 0.92793103470467 0
8 0.55773474345915 0.747886394616216 0
0 0.633830246049911 0.737185812788084 0
2 0.580546820769086 0.672843207139522 0
8 0.226407155161723 0.99238452478312 1
1 0.488579641794786 0.0633659234736115 0
3 0.976335770450532 0.867627221625298 0
6 0.232938979519531 0.762872061459348 1
6 0.951640528161079 0.0495666647329926 1
0 0.998974710237235 0.608899612212554 0
9 0.11299213860184 0.945481862174347 1
5 0.355673926416785 0.477613263763487 0
6 0.140607141889632 0.306202133186162 0
1 0.0573189535643905 0.644530248828232 1
4 0.695526936324313 0.544064321089536 0
0 0.411051136674359 0.293627086794004 0
5 0.753850548993796 0.162460185820237 1
3 0.478360269218683 0.580887116957456 1
2 0.864084139699116 0.459311418468133 1
9 0.34968581260182 0.700254464289173 1
7 0.727665370563045 0.514326848555356 0
5 0.535455814329907 0.985865380847827 0
9 0.268493343144655 0.744359127478674 1
5 0.514609915204346 0.0740985840093344 1
6 0.876318745315075 0.116835301509127 1
3 0.376807107124478 0.266448281006888 0
0 0.221148666227236 0.740110516780987 1
9 0.700584085425362 0.84184920694679 0
6 0.77010412258096 0.444849806372076 1
9 0.173045641044155 0.033347746822983 0
6 0.0333314521703869 0.549083107383922 1
1 0.822673115646467 0.659817032748833 0
4 0.175296653062105 0.905007613357157 1
6 0.0152321918867528 0.195178934605792 0
4 0.0356496255844831 0.0346766950096935 0
5 0.181141748093069 0.432649991475046 0
2 0.240804510423914 0.751736038597301 1
9 0.363786534173414 0.430581476539373 0
4 0.596052771667019 0.215766422683373 1
8 0.39094326691702 0.460530054057017 0
5 0.811927059898153 0.349594057537615 1
0 0.931055986089632 0.13819545507431 1
3 0.309431880246848 0.54694902501069 1
8 0.0595380871091038 0.656491614412516 1
3 0.212154928827658 0.455544789321721 0
2 0.686552481492981 0.93774796766229 0
1 0.284494667779654 0.124372586375102 0
7 0.85138754080981 0.144774718908593 1
7 0.627078990219161 0.833735120948404 0
4 0.776834411313757 0.870947737013921 0
2 0.94133099517785 0.471714577637613 1
5 0.459410348208621 0.850977365626022 1
6 0.26044533518143 0.235573971411213 0
0 0.839003941975534 0.590152749093249 0
5 0.119117823196575 0.984382424270734 1
5 0.291461664484814 0.00764849642291665 0
4 0.413886566646397 0.318324171705171 0
5 0.742764291586354 0.266248187283054 1
8 0.308786655310541 0.192728667054325 0
3 0.537310886662453 0.511430228129029 0
3 0.234732021344826 0.159766681725159 0
5 0.601231890032068 0.632204907247797 0
8 0.689287001267076 0.828236382221803 0
3 0.138283897889778 0.672788532916456 1
8 0.871588209178299 0.465170524315909 1
0 0.940653088735417 0.82785572274588 0
7 0.850268895737827 0.157795088132843 1
6 0.953061998123303 0.634690606268123 0
1 0.81491664564237 0.0598586259875447 1
1 0.131298506865278 0.853776937583461 1
8 0.856957027222961 0.059350807685405 1
1 0.50424261810258 0.236683352617547 1
3 0.115770837524906 0.325424228096381 0
9 0.290362030966207 0.429659023182467 0
3 0.393766230437905 0.750865916721523 1
1 0.286423312267289 0.332868333673105 0
7 0.754175420152023 0.912352986866608 0
6 0.828456885647029 0.263948116917163 1
9 0.508376267971471 0.819242531899363 0
0 0.61366527993232 0.465312645304948 1
4 0.340808014618233 0.368039011023939 0
6 0.726018018322065 0.64246637839824 0
8 0.005746197886765 0.0481624894309789 0
8 0.0580836180597544 0.44445470510982 0
8 0.0314904616679996 0.468117143260315 0
6 0.838911963859573 0.192236076109111 1
1 0.371658397372812 0.530999513808638 1
0 0.790993281640112 0.430282760877162 1
5 0.102065300103277 0.151935195084661 0
6 0.047614915529266 0.710377618204802 1
8 0.629081132588908 0.745940071064979 0
0 0.751578998984769 0.604085362283513 0
7 0.433821574784815 0.773923731641844 1
1 0.895211292197928 0.262577974237502 1
5 0.813312181504443 0.739847415359691 0
4 0.28393542394042 0.570552430814132 1
0 0.955090766306967 0.730822212062776 0
0 0.646873105084524 0.774697670713067 0
3 0.356801826274022 0.670317139010876 1
9 0.243691406445578 0.321005245205015 0
2 0.296989409253001 0.889513556379825 1
7 0.0851322957314551 0.509391452651471 1
5 0.343736710725352 0.81387321697548 1
2 0.235463278135285 0.558400207431987 1
3 0.698144338093698 0.33613725961186 1
2 0.840235800715163 0.648774152388796 0
5 0.0826091864146292 0.413542409194633 0
1 0.755486469715834 0.894248251803219 0
6 0.306790987960994 0.266540741547942 0
7 0.742835991084576 0.960173094877973 0
2 0.97596434969455 0.908501716796309 0
3 0.57631345721893 0.00498875696212053 1
5 0.651308669243008 0.041163271991536 1
2 0.391173217678443 0.64314340101555 1
3 0.0313203502446413 0.555677434429526 1
7 0.624266722705215 0.89617007621564 0
1 0.809912430588156 0.701057054568082 0
0 0.298194844275713 0.888022332219407 1
9 0.923642739420757 0.354771798942238 1
4 0.123846291098744 0.62874857429415 1
4 0.431582218501717 0.259449470089749 0
9 0.939226954942569 0.64345821691677 0
9 0.130760447587818 0.838378433138132 1
2 0.161507329437882 0.163955104304478 0
4 0.693395425565541 0.471430839505047 1
7 0.638570156181231 0.707677877508104 0
4 0.455231748521328 0.0328984842635691 0
1 0.178058958146721 0.989963450701907 1
3 0.0809162885416299 0.156062658410519 0
9 0.435650270199403 0.970389778958634 1
7 0.948817642405629 0.779984893975779 0
8 0.522706593386829 0.92090518004261 0
3 0.274621325777844 0.350417548557743 0
6 0.153305033920333 0.757391281891614 1
9 0.377202107571065 0.942309498088434 1
1 0.574426034931093 0.78868690575473 0
1 0.665639112936333 0.851924456655979 0
8 0.909182923380286 0.226673871744424 1
4 0.168577000498772 0.767273537348956 1
1 0.682360267965123 0.181883258046582 1
1 0.645868984283879 0.205784066813067 1
3 0.105539520038292 0.671927770366892 1
4 0.841140637872741 0.587091740453616 0
0 0.98958486947231 0.876843708334491 0
3 0.560414998559281 0.534439438953996 0
0 0.674191777827218 0.296932230237871 1
9 0.219480589032173 0.344434403348714 0
2 0.546524849487469 0.0271062310785055 1
6 0.899162519723177 0.766387418610975 0
7 0.13009008159861 0.128959139809012 0
5 0.271697858348489 0.0386346012819558 0
3 0.878379147965461 0.776051322231069 0
4 0.46869875350967 0.906757186166942 1
7 0.471748654264957 0.230088341282681 0
2 0.413311666809022 0.70290043996647 1
2 0.435995924752206 0.607899849768728 1
8 0.886981807183474 0.115836774464697 1
3 0.168616098584607 0.53475724090822 1
7 0.535631390055642 0.399484412744641 1
7 0.0450813772622496 0.508980617625639 1
6 0.0313578471541405 0.028491819743067 0
0 0.687916281400248 0.27378152240999 1
2 0.339914863929152 0.0227743862196803 0
4 0.0578929553739727 0.861101893475279 1
3 0.337005814071745 0.0824739029631019 0
6 0.476817349437624 0.165185306686908 0
7 0.620203291997313 0.192584414500743 1
