432 6 2
43 42 44 43 44 43 44 43 43 43
8 0.000000 0.000000 0.000000 0.000000 0.000000 0.000000 0
4 0.000000 0.000000 0.000000 0.000000 0.000000 1.000000 0
8 0.000000 0.000000 0.000000 0.000000 0.333333 1.000000 0
7 0.000000 0.000000 0.000000 0.000000 0.666667 0.000000 0
4 0.000000 0.000000 0.000000 0.000000 0.666667 1.000000 0
0 0.000000 0.000000 0.000000 0.000000 1.000000 0.000000 1
3 0.000000 0.000000 0.000000 0.000000 1.000000 1.000000 1
1 0.000000 0.000000 0.000000 0.500000 0.000000 0.000000 0
0 0.000000 0.000000 0.000000 0.500000 0.000000 1.000000 0
8 0.000000 0.000000 0.000000 0.500000 0.333333 0.000000 0
4 0.000000 0.000000 0.000000 0.500000 0.333333 1.000000 0
3 0.000000 0.000000 0.000000 0.500000 0.666667 0.000000 0
0 0.000000 0.000000 0.000000 0.500000 0.666667 1.000000 0
6 0.000000 0.000000 0.000000 0.500000 1.000000 0.000000 1
2 0.000000 0.000000 0.000000 0.500000 1.000000 1.000000 1
2 0.000000 0.000000 0.000000 1.000000 0.000000 0.000000 0
7 0.000000 0.000000 0.000000 1.000000 0.000000 1.000000 0
4 0.000000 0.000000 0.000000 1.000000 0.333333 1.000000 0
8 0.000000 0.000000 0.000000 1.000000 0.666667 0.000000 0
9 0.000000 0.000000 0.000000 1.000000 1.000000 0.000000 1
0 0.000000 0.000000 0.000000 1.000000 1.000000 1.000000 1
1 0.000000 0.000000 1.000000 0.000000 0.000000 0.000000 0
9 0.000000 0.000000 1.000000 0.000000 0.000000 1.000000 0
6 0.000000 0.000000 1.000000 0.000000 0.333333 1.000000 0
6 0.000000 0.000000 1.000000 0.000000 0.666667 0.000000 0
7 0.000000 0.000000 1.000000 0.000000 1.000000 0.000000 1
4 0.000000 0.000000 1.000000 0.000000 1.000000 1.000000 1
5 0.000000 0.000000 1.000000 0.500000 0.000000 0.000000 0
1 0.000000 0.000000 1.000000 0.500000 0.000000 1.000000 0
1 0.000000 0.000000 1.000000 0.500000 0.333333 0.000000 0
6 0.000000 0.000000 1.000000 0.500000 0.333333 1.000000 0
8 0.000000 0.000000 1.000000 0.500000 0.666667 0.000000 0
4 0.000000 0.000000 1.000000 0.500000 0.666667 1.000000 0
1 0.000000 0.000000 1.000000 0.500000 1.000000 0.000000 1
9 0.000000 0.000000 1.000000 0.500000 1.000000 1.000000 1
3 0.000000 0.000000 1.000000 1.000000 0.000000 0.000000 0
3 0.000000 0.000000 1.000000 1.000000 0.000000 1.000000 0
9 0.000000 0.000000 1.000000 1.000000 0.333333 0.000000 0
3 0.000000 0.000000 1.000000 1.000000 0.333333 1.000000 0
7 0.000000 0.000000 1.000000 1.000000 0.666667 0.000000 0
5 0.000000 0.000000 1.000000 1.000000 0.666667 1.000000 0
7 0.000000 0.000000 1.000000 1.000000 1.000000 0.000000 1
4 0.000000 0.000000 1.000000 1.000000 1.000000 1.000000 1
7 0.000000 0.500000 0.000000 0.000000 0.000000 0.000000 0
9 0.000000 0.500000 0.000000 0.000000 0.000000 1.000000 0
2 0.000000 0.500000 0.000000 0.000000 0.333333 0.000000 0
1 0.000000 0.500000 0.000000 0.000000 0.333333 1.000000 0
6 0.000000 0.500000 0.000000 0.000000 0.666667 0.000000 0
5 0.000000 0.500000 0.000000 0.000000 0.666667 1.000000 0
1 0.000000 0.500000 0.000000 0.000000 1.000000 0.000000 1
2 0.000000 0.500000 0.000000 0.500000 0.000000 0.000000 0
5 0.000000 0.500000 0.000000 0.500000 0.000000 1.000000 0
4 0.000000 0.500000 0.000000 0.500000 0.333333 0.000000 0
4 0.000000 0.500000 0.000000 0.500000 0.333333 1.000000 0
7 0.000000 0.500000 0.000000 0.500000 0.666667 0.000000 0
1 0.000000 0.500000 0.000000 0.500000 0.666667 1.000000 0
1 0.000000 0.500000 0.000000 0.500000 1.000000 0.000000 1
2 0.000000 0.500000 0.000000 0.500000 1.000000 1.000000 1
0 0.000000 0.500000 0.000000 1.000000 0.000000 0.000000 0
5 0.000000 0.500000 0.000000 1.000000 0.000000 1.000000 0
8 0.000000 0.500000 0.000000 1.000000 0.333333 0.000000 0
3 0.000000 0.500000 0.000000 1.000000 0.333333 1.000000 0
3 0.000000 0.500000 0.000000 1.000000 0.666667 0.000000 0
7 0.000000 0.500000 0.000000 1.000000 0.666667 1.000000 0
6 0.000000 0.500000 0.000000 1.000000 1.000000 0.000000 1
1 0.000000 0.500000 0.000000 1.000000 1.000000 1.000000 1
0 0.000000 0.500000 1.000000 0.000000 0.000000 0.000000 0
5 0.000000 0.500000 1.000000 0.000000 0.000000 1.000000 0
0 0.000000 0.500000 1.000000 0.000000 0.333333 0.000000 0
9 0.000000 0.500000 1.000000 0.000000 0.333333 1.000000 0
4 0.000000 0.500000 1.000000 0.000000 0.666667 0.000000 0
1 0.000000 0.500000 1.000000 0.000000 0.666667 1.000000 0
5 0.000000 0.500000 1.000000 0.000000 1.000000 0.000000 1
8 0.000000 0.500000 1.000000 0.000000 1.000000 1.000000 1
0 0.000000 0.500000 1.000000 0.500000 0.000000 1.000000 0
2 0.000000 0.500000 1.000000 0.500000 0.333333 0.000000 0
8 0.000000 0.500000 1.000000 0.500000 0.666667 0.000000 0
3 0.000000 0.500000 1.000000 0.500000 0.666667 1.000000 0
9 0.000000 0.500000 1.000000 0.500000 1.000000 0.000000 1
2 0.000000 0.500000 1.000000 0.500000 1.000000 1.000000 1
7 0.000000 0.500000 1.000000 1.000000 0.000000 0.000000 0
3 0.000000 0.500000 1.000000 1.000000 0.000000 1.000000 0
6 0.000000 0.500000 1.000000 1.000000 0.333333 0.000000 0
1 0.000000 0.500000 1.000000 1.000000 0.666667 0.000000 0
9 0.000000 0.500000 1.000000 1.000000 0.666667 1.000000 0
1 0.000000 0.500000 1.000000 1.000000 1.000000 1.000000 1
7 0.000000 1.000000 0.000000 0.000000 0.000000 0.000000 1
4 0.000000 1.000000 0.000000 0.000000 0.000000 1.000000 1
2 0.000000 1.000000 0.000000 0.000000 0.333333 0.000000 1
8 0.000000 1.000000 0.000000 0.000000 0.333333 1.000000 1
1 0.000000 1.000000 0.000000 0.000000 0.666667 0.000000 0
4 0.000000 1.000000 0.000000 0.000000 0.666667 1.000000 0
9 0.000000 1.000000 0.000000 0.000000 1.000000 0.000000 1
7 0.000000 1.000000 0.000000 0.000000 1.000000 1.000000 1
0 0.000000 1.000000 0.000000 0.500000 0.000000 0.000000 1
5 0.000000 1.000000 0.000000 0.500000 0.333333 0.000000 1
4 0.000000 1.000000 0.000000 0.500000 0.333333 1.000000 1
3 0.000000 1.000000 0.000000 0.500000 0.666667 1.000000 1
2 0.000000 1.000000 0.000000 0.500000 1.000000 0.000000 1
5 0.000000 1.000000 0.000000 1.000000 0.000000 0.000000 1
4 0.000000 1.000000 0.000000 1.000000 0.000000 1.000000 1
9 0.000000 1.000000 0.000000 1.000000 0.333333 0.000000 1
2 0.000000 1.000000 0.000000 1.000000 0.333333 1.000000 1
8 0.000000 1.000000 0.000000 1.000000 0.666667 0.000000 1
2 0.000000 1.000000 0.000000 1.000000 0.666667 1.000000 1
1 0.000000 1.000000 0.000000 1.000000 1.000000 0.000000 1
2 0.000000 1.000000 0.000000 1.000000 1.000000 1.000000 1
0 0.000000 1.000000 1.000000 0.000000 0.000000 0.000000 1
7 0.000000 1.000000 1.000000 0.000000 0.333333 0.000000 1
3 0.000000 1.000000 1.000000 0.000000 0.333333 1.000000 1
0 0.000000 1.000000 1.000000 0.000000 0.666667 0.000000 0
8 0.000000 1.000000 1.000000 0.000000 0.666667 1.000000 0
8 0.000000 1.000000 1.000000 0.000000 1.000000 0.000000 1
3 0.000000 1.000000 1.000000 0.000000 1.000000 1.000000 1
7 0.000000 1.000000 1.000000 0.500000 0.000000 0.000000 1
7 0.000000 1.000000 1.000000 0.500000 0.000000 1.000000 1
9 0.000000 1.000000 1.000000 0.500000 0.333333 0.000000 1
5 0.000000 1.000000 1.000000 0.500000 0.333333 1.000000 1
3 0.000000 1.000000 1.000000 0.500000 0.666667 0.000000 1
3 0.000000 1.000000 1.000000 0.500000 1.000000 0.000000 1
9 0.000000 1.000000 1.000000 0.500000 1.000000 1.000000 1
8 0.000000 1.000000 1.000000 1.000000 0.000000 0.000000 1
3 0.000000 1.000000 1.000000 1.000000 0.000000 1.000000 1
6 0.000000 1.000000 1.000000 1.000000 0.333333 0.000000 1
1 0.000000 1.000000 1.000000 1.000000 0.333333 1.000000 1
3 0.000000 1.000000 1.000000 1.000000 0.666667 0.000000 1
0 0.000000 1.000000 1.000000 1.000000 0.666667 1.000000 1
6 0.000000 1.000000 1.000000 1.000000 1.000000 0.000000 1
3 0.000000 1.000000 1.000000 1.000000 1.000000 1.000000 1
2 0.500000 0.000000 0.000000 0.000000 0.000000 0.000000 0
5 0.500000 0.000000 0.000000 0.000000 0.000000 1.000000 0
7 0.500000 0.000000 0.000000 0.000000 0.333333 0.000000 0
8 0.500000 0.000000 0.000000 0.000000 0.333333 1.000000 0
8 0.500000 0.000000 0.000000 0.000000 0.666667 0.000000 0
6 0.500000 0.000000 0.000000 0.000000 0.666667 1.000000 0
7 0.500000 0.000000 0.000000 0.000000 1.000000 0.000000 1
0 0.500000 0.000000 0.000000 0.000000 1.000000 1.000000 1
2 0.500000 0.000000 0.000000 0.500000 0.000000 0.000000 0
1 0.500000 0.000000 0.000000 0.500000 0.000000 1.000000 0
3 0.500000 0.000000 0.000000 0.500000 0.333333 0.000000 0
2 0.500000 0.000000 0.000000 0.500000 0.333333 1.000000 0
5 0.500000 0.000000 0.000000 0.500000 0.666667 0.000000 0
3 0.500000 0.000000 0.000000 0.500000 0.666667 1.000000 0
9 0.500000 0.000000 0.000000 0.500000 1.000000 0.000000 1
3 0.500000 0.000000 0.000000 0.500000 1.000000 1.000000 1
1 0.500000 0.000000 0.000000 1.000000 0.000000 1.000000 0
8 0.500000 0.000000 0.000000 1.000000 0.333333 0.000000 0
5 0.500000 0.000000 0.000000 1.000000 0.333333 1.000000 0
3 0.500000 0.000000 0.000000 1.000000 1.000000 0.000000 1
8 0.500000 0.000000 0.000000 1.000000 1.000000 1.000000 1
5 0.500000 0.000000 1.000000 0.000000 0.000000 0.000000 0
6 0.500000 0.000000 1.000000 0.000000 0.000000 1.000000 0
5 0.500000 0.000000 1.000000 0.000000 0.333333 1.000000 0
0 0.500000 0.000000 1.000000 0.000000 0.666667 0.000000 0
6 0.500000 0.000000 1.000000 0.000000 0.666667 1.000000 0
7 0.500000 0.000000 1.000000 0.000000 1.000000 0.000000 1
1 0.500000 0.000000 1.000000 0.000000 1.000000 1.000000 1
3 0.500000 0.000000 1.000000 0.500000 0.000000 0.000000 0
7 0.500000 0.000000 1.000000 0.500000 0.000000 1.000000 0
3 0.500000 0.000000 1.000000 0.500000 0.333333 0.000000 0
7 0.500000 0.000000 1.000000 0.500000 0.333333 1.000000 0
9 0.500000 0.000000 1.000000 0.500000 0.666667 0.000000 0
2 0.500000 0.000000 1.000000 0.500000 0.666667 1.000000 0
5 0.500000 0.000000 1.000000 0.500000 1.000000 0.000000 1
6 0.500000 0.000000 1.000000 0.500000 1.000000 1.000000 1
9 0.500000 0.000000 1.000000 1.000000 0.000000 0.000000 0
0 0.500000 0.000000 1.000000 1.000000 0.000000 1.000000 0
6 0.500000 0.000000 1.000000 1.000000 0.666667 0.000000 0
8 0.500000 0.000000 1.000000 1.000000 0.666667 1.000000 0
6 0.500000 0.000000 1.000000 1.000000 1.000000 0.000000 1
2 0.500000 0.500000 0.000000 0.000000 0.000000 1.000000 0
4 0.500000 0.500000 0.000000 0.000000 0.333333 0.000000 0
8 0.500000 0.500000 0.000000 0.000000 0.333333 1.000000 0
4 0.500000 0.500000 0.000000 0.000000 0.666667 0.000000 0
2 0.500000 0.500000 0.000000 0.000000 0.666667 1.000000 0
6 0.500000 0.500000 0.000000 0.000000 1.000000 0.000000 1
4 0.500000 0.500000 0.000000 0.000000 1.000000 1.000000 1
8 0.500000 0.500000 0.000000 0.500000 0.000000 0.000000 0
9 0.500000 0.500000 0.000000 0.500000 0.000000 1.000000 0
6 0.500000 0.500000 0.000000 0.500000 0.333333 1.000000 0
9 0.500000 0.500000 0.000000 0.500000 0.666667 0.000000 0
0 0.500000 0.500000 0.000000 0.500000 0.666667 1.000000 0
4 0.500000 0.500000 0.000000 0.500000 1.000000 0.000000 1
6 0.500000 0.500000 0.000000 1.000000 0.000000 0.000000 0
2 0.500000 0.500000 0.000000 1.000000 0.000000 1.000000 0
4 0.500000 0.500000 0.000000 1.000000 0.333333 0.000000 0
8 0.500000 0.500000 0.000000 1.000000 0.333333 1.000000 0
1 0.500000 0.500000 0.000000 1.000000 0.666667 0.000000 0
8 0.500000 0.500000 0.000000 1.000000 0.666667 1.000000 0
4 0.500000 0.500000 0.000000 1.000000 1.000000 0.000000 1
1 0.500000 0.500000 0.000000 1.000000 1.000000 1.000000 1
9 0.500000 0.500000 1.000000 0.000000 0.000000 0.000000 0
5 0.500000 0.500000 1.000000 0.000000 0.000000 1.000000 0
0 0.500000 0.500000 1.000000 0.000000 0.333333 0.000000 0
6 0.500000 0.500000 1.000000 0.000000 0.333333 1.000000 0
0 0.500000 0.500000 1.000000 0.000000 0.666667 0.000000 0
1 0.500000 0.500000 1.000000 0.000000 0.666667 1.000000 0
3 0.500000 0.500000 1.000000 0.000000 1.000000 0.000000 1
4 0.500000 0.500000 1.000000 0.000000 1.000000 1.000000 1
0 0.500000 0.500000 1.000000 0.500000 0.000000 0.000000 0
7 0.500000 0.500000 1.000000 0.500000 0.000000 1.000000 0
5 0.500000 0.500000 1.000000 0.500000 0.333333 0.000000 0
1 0.500000 0.500000 1.000000 0.500000 0.333333 1.000000 0
5 0.500000 0.500000 1.000000 0.500000 0.666667 0.000000 0
7 0.500000 0.500000 1.000000 0.500000 0.666667 1.000000 0
8 0.500000 0.500000 1.000000 0.500000 1.000000 0.000000 1
9 0.500000 0.500000 1.000000 0.500000 1.000000 1.000000 1
7 0.500000 0.500000 1.000000 1.000000 0.000000 0.000000 0
2 0.500000 0.500000 1.000000 1.000000 0.000000 1.000000 0
7 0.500000 0.500000 1.000000 1.000000 0.333333 0.000000 0
6 0.500000 0.500000 1.000000 1.000000 0.333333 1.000000 0
0 0.500000 0.500000 1.000000 1.000000 0.666667 0.000000 0
3 0.500000 0.500000 1.000000 1.000000 1.000000 0.000000 1
8 0.500000 0.500000 1.000000 1.000000 1.000000 1.000000 1
2 0.500000 1.000000 0.000000 0.000000 0.000000 0.000000 1
2 0.500000 1.000000 0.000000 0.000000 0.000000 1.000000 1
7 0.500000 1.000000 0.000000 0.000000 0.333333 0.000000 1
8 0.500000 1.000000 0.000000 0.000000 0.333333 1.000000 1
7 0.500000 1.000000 0.000000 0.000000 0.666667 0.000000 0
6 0.500000 1.000000 0.000000 0.000000 0.666667 1.000000 0
0 0.500000 1.000000 0.000000 0.000000 1.000000 0.000000 1
1 0.500000 1.000000 0.000000 0.000000 1.000000 1.000000 1
5 0.500000 1.000000 0.000000 0.500000 0.000000 0.000000 1
5 0.500000 1.000000 0.000000 0.500000 0.000000 1.000000 1
4 0.500000 1.000000 0.000000 0.500000 0.333333 1.000000 1
4 0.500000 1.000000 0.000000 0.500000 0.666667 0.000000 1
6 0.500000 1.000000 0.000000 0.500000 0.666667 1.000000 1
6 0.500000 1.000000 0.000000 0.500000 1.000000 1.000000 1
0 0.500000 1.000000 0.000000 1.000000 0.000000 0.000000 1
4 0.500000 1.000000 0.000000 1.000000 0.000000 1.000000 1
6 0.500000 1.000000 0.000000 1.000000 0.333333 0.000000 1
4 0.500000 1.000000 0.000000 1.000000 0.333333 1.000000 1
2 0.500000 1.000000 0.000000 1.000000 0.666667 0.000000 1
0 0.500000 1.000000 0.000000 1.000000 1.000000 0.000000 1
4 0.500000 1.000000 1.000000 0.000000 0.000000 0.000000 1
9 0.500000 1.000000 1.000000 0.000000 0.000000 1.000000 1
6 0.500000 1.000000 1.000000 0.000000 0.333333 0.000000 1
3 0.500000 1.000000 1.000000 0.000000 0.333333 1.000000 1
4 0.500000 1.000000 1.000000 0.000000 0.666667 0.000000 0
0 0.500000 1.000000 1.000000 0.000000 0.666667 1.000000 0
0 0.500000 1.000000 1.000000 0.000000 1.000000 0.000000 1
1 0.500000 1.000000 1.000000 0.000000 1.000000 1.000000 1
4 0.500000 1.000000 1.000000 0.500000 0.000000 0.000000 1
8 0.500000 1.000000 1.000000 0.500000 0.000000 1.000000 1
0 0.500000 1.000000 1.000000 0.500000 0.333333 0.000000 1
3 0.500000 1.000000 1.000000 0.500000 0.333333 1.000000 1
5 0.500000 1.000000 1.000000 0.500000 0.666667 1.000000 1
7 0.500000 1.000000 1.000000 0.500000 1.000000 0.000000 1
5 0.500000 1.000000 1.000000 0.500000 1.000000 1.000000 1
6 0.500000 1.000000 1.000000 1.000000 0.000000 0.000000 1
0 0.500000 1.000000 1.000000 1.000000 0.000000 1.000000 1
1 0.500000 1.000000 1.000000 1.000000 0.333333 0.000000 1
4 0.500000 1.000000 1.000000 1.000000 0.333333 1.000000 1
9 0.500000 1.000000 1.000000 1.000000 0.666667 0.000000 1
8 0.500000 1.000000 1.000000 1.000000 0.666667 1.000000 1
0 0.500000 1.000000 1.000000 1.000000 1.000000 0.000000 1
7 0.500000 1.000000 1.000000 1.000000 1.000000 1.000000 1
0 1.000000 0.000000 0.000000 0.000000 0.000000 0.000000 0
1 1.000000 0.000000 0.000000 0.000000 0.000000 1.000000 0
0 1.000000 0.000000 0.000000 0.000000 0.333333 0.000000 0
9 1.000000 0.000000 0.000000 0.000000 0.333333 1.000000 0
7 1.000000 0.000000 0.000000 0.000000 0.666667 0.000000 0
3 1.000000 0.000000 0.000000 0.000000 0.666667 1.000000 0
5 1.000000 0.000000 0.000000 0.000000 1.000000 0.000000 1
6 1.000000 0.000000 0.000000 0.000000 1.000000 1.000000 1
5 1.000000 0.000000 0.000000 0.500000 0.000000 1.000000 0
1 1.000000 0.000000 0.000000 0.500000 0.333333 0.000000 0
6 1.000000 0.000000 0.000000 0.500000 0.333333 1.000000 0
4 1.000000 0.000000 0.000000 0.500000 0.666667 0.000000 0
4 1.000000 0.000000 0.000000 0.500000 0.666667 1.000000 0
8 1.000000 0.000000 0.000000 0.500000 1.000000 0.000000 1
9 1.000000 0.000000 0.000000 0.500000 1.000000 1.000000 1
9 1.000000 0.000000 0.000000 1.000000 0.000000 0.000000 0
0 1.000000 0.000000 0.000000 1.000000 0.000000 1.000000 0
4 1.000000 0.000000 0.000000 1.000000 0.333333 0.000000 0
9 1.000000 0.000000 0.000000 1.000000 0.333333 1.000000 0
9 1.000000 0.000000 0.000000 1.000000 0.666667 0.000000 0
5 1.000000 0.000000 0.000000 1.000000 0.666667 1.000000 0
9 1.000000 0.000000 0.000000 1.000000 1.000000 0.000000 1
8 1.000000 0.000000 1.000000 0.000000 0.000000 0.000000 0
5 1.000000 0.000000 1.000000 0.000000 0.000000 1.000000 0
3 1.000000 0.000000 1.000000 0.000000 0.333333 0.000000 0
3 1.000000 0.000000 1.000000 0.000000 0.333333 1.000000 0
3 1.000000 0.000000 1.000000 0.000000 0.666667 1.000000 0
7 1.000000 0.000000 1.000000 0.000000 1.000000 0.000000 1
2 1.000000 0.000000 1.000000 0.000000 1.000000 1.000000 1
4 1.000000 0.000000 1.000000 0.500000 0.000000 0.000000 0
0 1.000000 0.000000 1.000000 0.500000 0.000000 1.000000 0
2 1.000000 0.000000 1.000000 0.500000 0.333333 0.000000 0
7 1.000000 0.000000 1.000000 0.500000 0.666667 0.000000 0
2 1.000000 0.000000 1.000000 0.500000 0.666667 1.000000 0
2 1.000000 0.000000 1.000000 0.500000 1.000000 1.000000 1
5 1.000000 0.000000 1.000000 1.000000 0.000000 0.000000 0
9 1.000000 0.000000 1.000000 1.000000 0.000000 1.000000 0
1 1.000000 0.000000 1.000000 1.000000 0.333333 0.000000 0
7 1.000000 0.000000 1.000000 1.000000 0.333333 1.000000 0
3 1.000000 0.000000 1.000000 1.000000 0.666667 0.000000 0
8 1.000000 0.000000 1.000000 1.000000 0.666667 1.000000 0
6 1.000000 0.000000 1.000000 1.000000 1.000000 1.000000 1
3 1.000000 0.500000 0.000000 0.000000 0.000000 0.000000 0
1 1.000000 0.500000 0.000000 0.000000 0.000000 1.000000 0
9 1.000000 0.500000 0.000000 0.000000 0.333333 0.000000 0
2 1.000000 0.500000 0.000000 0.000000 0.333333 1.000000 0
8 1.000000 0.500000 0.000000 0.000000 0.666667 0.000000 0
4 1.000000 0.500000 0.000000 0.000000 0.666667 1.000000 0
7 1.000000 0.500000 0.000000 0.000000 1.000000 0.000000 1
7 1.000000 0.500000 0.000000 0.000000 1.000000 1.000000 1
6 1.000000 0.500000 0.000000 0.500000 0.000000 0.000000 0
4 1.000000 0.500000 0.000000 0.500000 0.000000 1.000000 0
5 1.000000 0.500000 0.000000 0.500000 0.333333 0.000000 0
2 1.000000 0.500000 0.000000 0.500000 0.666667 0.000000 0
9 1.000000 0.500000 0.000000 0.500000 0.666667 1.000000 0
5 1.000000 0.500000 0.000000 0.500000 1.000000 0.000000 1
2 1.000000 0.500000 0.000000 0.500000 1.000000 1.000000 1
6 1.000000 0.500000 0.000000 1.000000 0.000000 0.000000 0
1 1.000000 0.500000 0.000000 1.000000 0.000000 1.000000 0
4 1.000000 0.500000 0.000000 1.000000 0.333333 0.000000 0
0 1.000000 0.500000 0.000000 1.000000 0.333333 1.000000 0
2 1.000000 0.500000 0.000000 1.000000 0.666667 0.000000 0
3 1.000000 0.500000 0.000000 1.000000 0.666667 1.000000 0
2 1.000000 0.500000 0.000000 1.000000 1.000000 0.000000 1
1 1.000000 0.500000 1.000000 0.000000 0.000000 0.000000 0
0 1.000000 0.500000 1.000000 0.000000 0.000000 1.000000 0
0 1.000000 0.500000 1.000000 0.000000 0.333333 0.000000 0
8 1.000000 0.500000 1.000000 0.000000 0.666667 0.000000 0
9 1.000000 0.500000 1.000000 0.000000 1.000000 1.000000 1
5 1.000000 0.500000 1.000000 0.500000 0.000000 0.000000 0
6 1.000000 0.500000 1.000000 0.500000 0.000000 1.000000 0
2 1.000000 0.500000 1.000000 0.500000 0.333333 0.000000 0
5 1.000000 0.500000 1.000000 0.500000 0.333333 1.000000 0
2 1.000000 0.500000 1.000000 0.500000 0.666667 0.000000 0
6 1.000000 0.500000 1.000000 0.500000 0.666667 1.000000 0
5 1.000000 0.500000 1.000000 0.500000 1.000000 1.000000 1
9 1.000000 0.500000 1.000000 1.000000 0.000000 0.000000 0
9 1.000000 0.500000 1.000000 1.000000 0.000000 1.000000 0
3 1.000000 0.500000 1.000000 1.000000 0.333333 0.000000 0
7 1.000000 0.500000 1.000000 1.000000 0.333333 1.000000 0
4 1.000000 0.500000 1.000000 1.000000 0.666667 0.000000 0
0 1.000000 0.500000 1.000000 1.000000 0.666667 1.000000 0
8 1.000000 0.500000 1.000000 1.000000 1.000000 0.000000 1
3 1.000000 0.500000 1.000000 1.000000 1.000000 1.000000 1
9 1.000000 1.000000 0.000000 0.000000 0.000000 0.000000 1
4 1.000000 1.000000 0.000000 0.000000 0.000000 1.000000 1
1 1.000000 1.000000 0.000000 0.000000 0.333333 0.000000 1
0 1.000000 1.000000 0.000000 0.000000 0.333333 1.000000 1
6 1.000000 1.000000 0.000000 0.000000 0.666667 0.000000 0
2 1.000000 1.000000 0.000000 0.000000 0.666667 1.000000 0
2 1.000000 1.000000 0.000000 0.000000 1.000000 0.000000 1
5 1.000000 1.000000 0.000000 0.500000 0.000000 0.000000 1
9 1.000000 1.000000 0.000000 0.500000 0.000000 1.000000 1
2 1.000000 1.000000 0.000000 0.500000 0.333333 0.000000 1
6 1.000000 1.000000 0.000000 0.500000 0.333333 1.000000 1
0 1.000000 1.000000 0.000000 0.500000 0.666667 0.000000 1
1 1.000000 1.000000 0.000000 0.500000 0.666667 1.000000 1
4 1.000000 1.000000 0.000000 0.500000 1.000000 0.000000 1
2 1.000000 1.000000 0.000000 0.500000 1.000000 1.000000 1
0 1.000000 1.000000 0.000000 1.000000 0.000000 0.000000 1
5 1.000000 1.000000 0.000000 1.000000 0.000000 1.000000 1
3 1.000000 1.000000 0.000000 1.000000 0.333333 0.000000 1
4 1.000000 1.000000 0.000000 1.000000 0.333333 1.000000 1
5 1.000000 1.000000 0.000000 1.000000 0.666667 0.000000 1
3 1.000000 1.000000 0.000000 1.000000 0.666667 1.000000 1
8 1.000000 1.000000 0.000000 1.000000 1.000000 0.000000 1
7 1.000000 1.000000 0.000000 1.000000 1.000000 1.000000 1
6 1.000000 1.000000 1.000000 0.000000 0.000000 0.000000 1
8 1.000000 1.000000 1.000000 0.000000 0.000000 1.000000 1
6 1.000000 1.000000 1.000000 0.000000 0.333333 0.000000 1
4 1.000000 1.000000 1.000000 0.000000 0.333333 1.000000 1
9 1.000000 1.000000 1.000000 0.000000 0.666667 0.000000 0
9 1.000000 1.000000 1.000000 0.000000 0.666667 1.000000 0
0 1.000000 1.000000 1.000000 0.000000 1.000000 0.000000 1
8 1.000000 1.000000 1.000000 0.000000 1.000000 1.000000 1
5 1.000000 1.000000 1.000000 0.500000 0.000000 0.000000 1
5 1.000000 1.000000 1.000000 0.500000 0.000000 1.000000 1
6 1.000000 1.000000 1.000000 0.500000 0.333333 0.000000 1
0 1.000000 1.000000 1.000000 0.500000 0.333333 1.000000 1
1 1.000000 1.000000 1.000000 0.500000 0.666667 0.000000 1
3 1.000000 1.000000 1.000000 0.500000 0.666667 1.000000 1
1 1.000000 1.000000 1.000000 0.500000 1.000000 0.000000 1
5 1.000000 1.000000 1.000000 0.500000 1.000000 1.000000 1
0 1.000000 1.000000 1.000000 1.000000 0.000000 0.000000 1
3 1.000000 1.000000 1.000000 1.000000 0.000000 1.000000 1
6 1.000000 1.000000 1.000000 1.000000 0.333333 0.000000 1
4 1.000000 1.000000 1.000000 1.000000 0.333333 1.000000 1
9 1.000000 1.000000 1.000000 1.000000 0.666667 0.000000 1
0 1.000000 1.000000 1.000000 1.000000 0.666667 1.000000 1
7 1.000000 1.000000 1.000000 1.000000 1.000000 0.000000 1
2 1.000000 1.000000 1.000000 1.000000 1.000000 1.000000 1
7 0.000000 0.000000 0.000000 0.000000 0.333333 0.000000 0
7 0.000000 0.000000 0.000000 1.000000 0.333333 0.000000 0
4 0.000000 0.000000 0.000000 1.000000 0.666667 1.000000 0
5 0.000000 0.000000 1.000000 0.000000 0.333333 0.000000 0
2 0.000000 0.000000 1.000000 0.000000 0.666667 1.000000 0
9 0.000000 0.500000 0.000000 0.000000 1.000000 1.000000 1
6 0.000000 0.500000 1.000000 0.500000 0.000000 0.000000 0
8 0.000000 0.500000 1.000000 0.500000 0.333333 1.000000 0
1 0.000000 0.500000 1.000000 1.000000 0.333333 1.000000 0
8 0.000000 0.500000 1.000000 1.000000 1.000000 0.000000 1
8 0.000000 1.000000 0.000000 0.500000 0.000000 1.000000 1
2 0.000000 1.000000 0.000000 0.500000 0.666667 0.000000 1
5 0.000000 1.000000 0.000000 0.500000 1.000000 1.000000 1
8 0.000000 1.000000 1.000000 0.000000 0.000000 1.000000 1
7 0.000000 1.000000 1.000000 0.500000 0.666667 1.000000 1
4 0.500000 0.000000 0.000000 1.000000 0.000000 0.000000 0
9 0.500000 0.000000 0.000000 1.000000 0.666667 0.000000 0
8 0.500000 0.000000 0.000000 1.000000 0.666667 1.000000 0
3 0.500000 0.000000 1.000000 0.000000 0.333333 0.000000 0
7 0.500000 0.000000 1.000000 1.000000 0.333333 0.000000 0
2 0.500000 0.000000 1.000000 1.000000 0.333333 1.000000 0
6 0.500000 0.000000 1.000000 1.000000 1.000000 1.000000 1
9 0.500000 0.500000 0.000000 0.000000 0.000000 0.000000 0
3 0.500000 0.500000 0.000000 0.500000 0.333333 0.000000 0
5 0.500000 0.500000 0.000000 0.500000 1.000000 1.000000 1
6 0.500000 0.500000 1.000000 1.000000 0.666667 1.000000 0
1 0.500000 1.000000 0.000000 0.500000 0.333333 0.000000 1
8 0.500000 1.000000 0.000000 0.500000 1.000000 0.000000 1
7 0.500000 1.000000 0.000000 1.000000 0.666667 1.000000 1
1 0.500000 1.000000 0.000000 1.000000 1.000000 1.000000 1
9 0.500000 1.000000 1.000000 0.500000 0.666667 0.000000 1
2 1.000000 0.000000 0.000000 0.500000 0.000000 0.000000 0
2 1.000000 0.000000 0.000000 1.000000 1.000000 1.000000 1
8 1.000000 0.000000 1.000000 0.000000 0.666667 0.000000 0
3 1.000000 0.000000 1.000000 0.500000 0.333333 1.000000 0
6 1.000000 0.000000 1.000000 0.500000 1.000000 0.000000 1
9 1.000000 0.000000 1.000000 1.000000 1.000000 0.000000 1
5 1.000000 0.500000 0.000000 0.500000 0.333333 1.000000 0
1 1.000000 0.500000 0.000000 1.000000 1.000000 1.000000 1
1 1.000000 0.500000 1.000000 0.000000 0.333333 1.000000 0
6 1.000000 0.500000 1.000000 0.000000 0.666667 1.000000 0
7 1.000000 0.500000 1.000000 0.000000 1.000000 0.000000 1
1 1.000000 0.500000 1.000000 0.500000 1.000000 0.000000 1
7 1.000000 1.000000 0.000000 0.000000 1.000000 1.000000 1
