1000 2 2
0 1000 0 0 0 0 0 0 0 0
1 0.621284212218598 0.16811818536371 0
1 0.19580196775496 0.394789893645793 0
1 0.660564947873354 0.00308341323398054 0
1 0.0107576246373355 0.836623850278556 1
1 0.187962329015136 0.796278713969514 1
1 0.592125464696437 0.729466866469011 1
1 0.966564009198919 0.879988327389583 1
1 0.840654565487057 0.0524428100325167 0
1 0.649147571064532 0.128681558882818 0
1 0.656994560966268 0.298461594851688 0
1 0.338177789468318 0.850765330251306 1
1 0.909791560843587 0.200129630276933 0
1 0.206387029029429 0.206034139031544 0
1 0.759312100941315 0.562384776072577 1
1 0.709635210689157 0.749671435682103 1
1 0.115115851862356 0.883877304382622 1
1 0.658773919567466 0.78350448445417 1
1 0.771977681433782 0.382540521211922 0
1 0.826197989750654 0.0244168918579817 0
1 0.911393335321918 0.883958848658949 1
1 0.60552431200631 0.555953143164515 1
1 0.667259854497388 0.556094659958035 1
1 0.0581857739016414 0.0235829029697925 0
1 0.664779601385817 0.639065536670387 1
1 0.244344341801479 0.0489329705014825 0
1 0.209640462417156 0.908883617259562 1
1 0.22172213671729 0.589096975512803 1
1 0.231122843222693 0.397869332693517 0
1 0.790076134959236 0.820251301396638 1
1 0.798017125343904 0.130243519553915 0
1 0.0967984821181744 0.366451029665768 0
1 0.885492760920897 0.746382003417239 1
1 0.376419682987034 0.585068666841835 1
1 0.932848477736115 0.0702824073377997 0
1 0.783699391875416 0.998164038173854 1
1 0.20960473199375 0.914954921463504 1
1 0.876193703850731 0.739827609620988 1
1 0.472048418596387 0.114549806341529 0
1 0.954298857133836 0.50750958872959 1
1 0.614515440538526 0.416605171281844 0
1 0.139520377153531 0.422091168817133 0
1 0.47109444369562 0.915178515948355 1
1 0.115301231155172 0.934214372653514 1
1 0.761194096878171 0.351327773416415 0
1 0.91659644106403 0.335449797799811 0
1 0.575201826170087 0.185190218267962 0
1 0.244356113020331 0.918728623539209 1
1 0.346934586297721 0.508643719134852 1
1 0.191629176959395 0.440870577469468 0
1 0.688030007528141 0.313339299056679 0
1 0.310281123500317 0.580759887117893 1
1 0.86219039093703 0.703128456603736 1
1 0.95231878454797 0.123091119108722 0
1 0.76937932241708 0.563324261456728 1
1 0.0725044347345829 0.735961619764566 1
1 0.575977688888088 0.315357272978872 0
1 0.985858109081164 0.204126693075523 0
1 0.812437428161502 0.416521026752889 0
1 0.387721057981253 0.485192032996565 0
1 0.738227043300867 0.755789265735075 1
1 0.948747570160776 0.756652731215581 1
1 0.341313639422879 0.00263852556236088 0
1 0.942160669714212 0.361448509851471 0
1 0.526195305399597 0.705081781838089 1
1 0.389689154922962 0.588836017297581 1
1 0.773881088243797 0.510256502544507 1
1 0.571000821655616 0.690562201896682 1
1 0.666845867875963 0.509208509931341 1
1 0.691558058140799 0.289517318364233 0
1 0.301672912668437 0.721874698065221 1
1 0.811634226003662 0.567509851418436 1
1 0.873962245183066 0.179217628668994 0
1 0.743314805673435 0.016191627830267 0
1 0.0524958008900285 0.751787591492757 1
1 0.703974102623761 0.754728244850412 1
1 0.0249948198907077 0.0705749311018735 0
1 0.409738924354315 0.67586255306378 1
1 0.681231418857351 0.4023222560063 0
1 0.117304693209007 0.386046436615288 0
1 0.732254019472748 0.637640822445974 1
1 0.54995788144879 0.367791108554229 0
1 0.551001969957724 0.436250536469743 0
1 0.536708635045215 0.66135774506256 1
1 0.483329900540411 0.558315868023783 1
1 0.983693118905649 0.124621310038492 0
1 0.122748515801504 0.88679151982069 1
1 0.945245780749246 0.0717038647271693 0
1 0.501927557401359 0.438569410005584 0
1 0.834787546889856 0.3432210565079 0
1 0.225596935721114 0.15280191320926 0
1 0.454835271928459 0.882462640292943 1
1 0.820964287267998 0.93420178629458 1
1 0.786394367692992 0.580484746256843 1
1 0.52742096898146 0.583994791144505 1
1 0.591473282082006 0.0662471726536751 0
1 0.654598521301523 0.782858659280464 1
1 0.16385411657393 0.030486814212054 0
1 0.248417480615899 0.851234307978302 1
1 0.673452871385962 0.0643401318229735 0
1 0.461657361127436 0.232711001532152 0
1 0.492192439269274 0.859774000011384 1
1 0.993589602876455 0.947786275064573 1
1 0.346739196917042 0.862593752564862 1
1 0.249445483088493 0.394066131208092 0
1 0.728959067724645 0.860018227249384 1
1 0.397589084226638 0.597740018740296 1
1 0.662186791189015 0.0295041601639241 0
1 0.662020494462922 0.212436298839748 0
1 0.801480454392731 0.700205335626379 1
1 0.277481839526445 0.662941532675177 1
1 0.283707113936543 0.593996725510806 1
1 0.871298077981919 0.0457532359287143 0
1 0.449562738183886 0.335662606172264 0
1 0.0434476092923433 0.876622406300157 1
1 0.669067468959838 0.683716057566926 1
1 0.217587207676843 0.916942124255002 1
1 0.652124869870022 0.543603396276012 1
1 0.815762324957177 0.202214215882123 0
1 0.756701194914058 0.393428483977914 0
1 0.599437654484063 0.214485691627488 0
1 0.238798791542649 0.486684113042429 0
1 0.888055200921372 0.282618855359033 0
1 0.932766398414969 0.96899904194288 1
1 0.941298826830462 0.226841137278825 0
1 0.397008130094036 0.375529757002369 0
1 0.521780577488244 0.4341304237023 0
1 0.580917070154101 0.965379955247045 1
1 0.119840922299773 0.326219682116061 0
1 0.955530893057585 0.167766212951392 0
1 0.577622504904866 0.653023009654135 1
1 0.103916449472308 0.687662618234754 1
1 0.89327013422735 0.23209353373386 0
1 0.956720805261284 0.397932210471481 0
1 0.806651955004781 0.853451599134132 1
1 0.175547593273222 0.995338723761961 1
1 0.0340089639648795 0.750477581983432 1
1 0.272392042446882 0.395276267779991 0
1 0.37031064578332 0.571164034539834 1
1 0.243577949237078 0.268073215382174 0
1 0.45660035777837 0.570967904990539 1
1 0.194174937903881 0.175460474332795 0
1 0.298771934583783 0.439864465966821 0
1 0.691365364240482 0.528605724219233 1
1 0.135918538784608 0.349741368321702 0
1 0.272730369586498 0.302476146491244 0
1 0.338037221226841 0.700922598131001 1
1 0.208948016632348 0.389408171875402 0
1 0.236060152528808 0.00705084903165698 0
1 0.405851357849315 0.691663327394053 1
1 0.890482372604311 0.418944830307737 0
1 0.387599873589352 0.147002669749781 0
1 0.740856496151537 0.274017918389291 0
1 0.545773161342368 0.733193265739828 1
1 0.572794149629772 0.895544117083773 1
1 0.364649940282106 0.388711671112105 0
1 0.948049528291449 0.653067484498024 1
1 0.197096148040146 0.0761715269181877 0
1 0.591561579611152 0.76626207260415 1
1 0.159237785963342 0.497948041651398 0
1 0.103911702753976 0.0731179155409336 0
1 0.185893787303939 0.602598579367623 1
1 0.55397134157829 0.90358817926608 1
1 0.223943087970838 0.548957698512822 1
1 0.940992075251415 0.885803889716044 1
1 0.879856390180066 0.50339528452605 1
1 0.297008347930387 0.333817782811821 0
1 0.940731479786336 0.595190454274416 1
1 0.314871425740421 0.49970343336463 0
1 0.93017684458755 0.0794174538459629 0
1 0.327229460701346 0.00615918356925249 0
1 0.47181487409398 0.237792152911425 0
1 0.350329538807273 0.107672954909503 0
1 0.654343840898946 0.547798865009099 1
1 0.0532095378730446 0.687326642684639 1
1 0.653484061127529 0.596952593885362 1
1 0.390437513357028 0.595026748254895 1
1 0.817875299835578 0.909573429264128 1
1 0.380505680805072 0.194313494255766 0
1 0.43544929404743 0.473035553004593 0
1 0.496124356752262 0.508935001213104 1
1 0.495334837585688 0.28678754880093 0
1 0.470401081023738 0.788169731386006 1
1 0.548088104464114 0.777351687895134 1
1 0.81773304566741 0.969688559649512 1
1 0.589202311355621 0.399772476870567 0
1 0.944075367879122 0.323448283597827 0
1 0.813109431182966 0.9688016443979 1
1 0.666653436375782 0.967323255958036 1
1 0.823597905924544 0.420812948839739 0
1 0.771005230722949 0.150886590592563 0
1 0.884680921444669 0.895894921617582 1
1 0.960022280924022 0.395817075623199 0
1 0.234377040527761 0.806200635619462 1
1 0.100358216790482 0.220419021090493 0
1 0.32329550338909 0.42146444437094 0
1 0.870580084621906 0.659562633605674 1
1 0.14024583552964 0.111171386903152 0
1 0.822991898981854 0.686773293884471 1
1 0.0742554655298591 0.940378497121856 1
1 0.297280500875786 0.200308138737455 0
1 0.371757633285597 0.148057355545461 0
1 0.758293969091028 0.0876287221908569 0
1 0.0786537600215524 0.877782314782962 1
1 0.345972335431725 0.383000698173419 0
1 0.208605068502948 0.211221182253212 0
1 0.888813948491588 0.034067357191816 0
1 0.298604222945869 0.379445357015356 0
1 0.203659417340532 0.479455008869991 0
1 0.868538027163595 0.0471911402419209 0
1 0.11156054562889 0.567314292537048 1
1 0.172848183196038 0.072796672815457 0
1 0.74739520647563 0.618750622496009 1
1 0.11326939612627 0.276493854122236 0
1 0.646187636535615 0.125331808114424 0
1 0.510433445684612 0.252183053875342 0
1 0.889340687310323 0.467649846104905 0
1 0.15115910070017 0.877945909975097 1
1 0.802661279216409 0.423370863776654 0
1 0.454701690701768 0.66327676223591 1
1 0.460933234775439 0.0229245419614017 0
1 0.825145666021854 0.290769823826849 0
1 0.0567972217686474 0.538258510874584 1
1 0.14269501529634 0.595361963612959 1
1 0.555386614985764 0.370658011641353 0
1 0.240662622498348 0.567497005918995 1
1 0.436430156929418 0.0757881959434599 0
1 0.133818288100883 0.0725999251008034 0
1 0.618024995084852 0.323965264717117 0
1 0.330680640414357 0.01630201889202 0
1 0.447695795912296 0.410319939721376 0
1 0.756409115856513 0.137596294051036 0
1 0.223174795275554 0.517827484058216 1
1 0.655405044322833 0.0979158557020128 0
1 0.0322414545807987 0.571781890932471 1
1 0.342904783552513 0.453734542476013 0
1 0.864961961051449 0.719725558068603 1
1 0.804918131558225 0.624064319301397 1
1 0.205930097261444 0.661240550689399 1
1 0.48143197549507 0.785207046195865 1
1 0.171816533431411 0.0518051967956126 0
1 0.00331114674918354 0.571815261850134 1
1 0.954865015577525 0.224724139086902 0
1 0.124282186385244 0.156955130863935 0
1 0.500776464585215 0.612525097327307 1
1 0.372835776070133 0.652016140986234 1
1 0.98030807543546 0.383088030386716 0
1 0.166019341442734 0.833986432058737 1
1 0.948455372359604 0.599119980819523 1
1 0.908219007076696 0.305504758842289 0
1 0.333351215580478 0.188438884913921 0
1 0.226242093136534 0.89426444331184 1
1 0.687130596255884 0.656475333496928 1
1 0.58342980616726 0.635574946645647 1
1 0.641323576215655 0.384070978499949 0
1 0.686492842854932 0.290189121384174 0
1 0.0658071376383305 0.401833118638024 0
1 0.920783269451931 0.920127844437957 1
1 0.122745758621022 0.0542600678745657 0
1 0.965226886793971 0.062068696366623 0
1 0.337739799870178 0.715414877049625 1
1 0.30184990586713 0.449702578596771 0
1 0.570478473324329 0.6206764804665 1
1 0.964246613206342 0.85840383451432 1
1 0.79896923317574 0.522769002709538 1
1 0.649722954491153 0.893693418474868 1
1 0.462023843079805 0.783264350611717 1
1 0.777567999903113 0.509742938680574 1
1 0.590211140923202 0.106712384615093 0
1 0.387449185131118 0.547494099242613 1
1 0.352667627157643 0.317421811167151 0
1 0.178737341891974 0.10879322187975 0
1 0.425042716320604 0.0386152116116136 0
1 0.333356861956418 0.0798695296980441 0
1 0.843132987385616 0.443286656169221 0
1 0.572708287043497 0.826764249010012 1
1 0.939981029834598 0.607739040395245 1
1 0.105425481684506 0.872033377410844 1
1 0.871146387420595 0.0181872453540564 0
1 0.510174380615354 0.66831588675268 1
1 0.822249460965395 0.725658065406606 1
1 0.592240805970505 0.311629708623514 0
1 0.357794479699805 0.262171260081232 0
1 0.897805334534496 0.999575096182525 1
1 0.238778082421049 0.652677590493113 1
1 0.25489191012457 0.115470153745264 0
1 0.740077128633857 0.521809056168422 1
1 0.263784256298095 0.711303024785593 1
1 0.534396219532937 0.1350913036149 0
1 0.00276463269256055 0.492668179562315 0
1 0.649453111924231 0.802401026012376 1
1 0.531559601193294 0.784643890568987 1
1 0.326760552357882 0.843741718214005 1
1 0.861374926986173 0.19869154621847 0
1 0.233808831311762 0.356039789970964 0
1 0.0992387812584639 0.0522668042685837 0
1 0.972010211087763 0.353367494652048 0
1 0.94124009902589 0.977757173357531 1
1 0.394524763338268 0.530539440689608 1
1 0.904734051320702 0.529289091471583 1
1 0.918521407293156 0.476527004735544 0
1 0.204586786916479 0.995066307717934 1
1 0.65440999227576 0.625325980130583 1
1 0.392047399887815 0.289810719434172 0
1 0.836001184536144 0.545129352714866 1
1 0.379928124137223 0.99644751730375 1
1 0.272945961682126 0.730678488733247 1
1 0.105118241393939 0.28356404020451 0
1 0.87172158039175 0.472677051089704 0
1 0.0706445656251162 0.268988276133314 0
1 0.0541377996560186 0.963568819221109 1
1 0.566803301451728 0.947771188570186 1
1 0.184316230006516 0.048339786240831 0
1 0.23666099878028 0.69788859738037 1
1 0.4925065592397 0.444965453352779 0
1 0.849072146695107 0.926106759812683 1
1 0.935401440132409 0.784654398681596 1
1 0.734453646000475 0.386808753013611 0
1 0.100583338877186 0.518398974789307 1
1 0.719663931056857 0.113254519179463 0
1 0.67173814913258 0.292164829792455 0
1 0.0678682341240346 0.340777135221288 0
1 0.13005822757259 0.946153287077323 1
1 0.431337548652664 0.785042802337557 1
1 0.16953576519154 0.596254516625777 1
1 0.892651854548603 0.467796715907753 0
1 0.295688796788454 0.50255284179002 1
1 0.462617686251178 0.207099868683144 0
1 0.358570471405983 0.27045326330699 0
1 0.0727394036948681 0.167634881334379 0
1 0.23948910785839 0.690155923366547 1
1 0.348509699804708 0.544358612503856 1
1 0.343433729372919 0.760030527366325 1
1 0.434848360717297 0.319641378242522 0
1 0.73529704217799 0.786907321540639 1
1 0.0725174294784665 0.840371974045411 1
1 0.19221111247316 0.623495430219918 1
1 0.793943216325715 0.365705980686471 0
1 0.340648299083114 0.23025090014562 0
1 0.0309641086496413 0.799538542050868 1
1 0.598309976048768 0.071686047827825 0
1 0.723192723235115 0.800148802110925 1
1 0.0142549062147737 0.82188046653755 1
1 0.393593955086544 0.536937592085451 1
1 0.346455101855099 0.00568709918297827 0
1 0.888852098723873 0.21144262724556 0
1 0.776486183749512 0.545014364877716 1
1 0.774811873910949 0.133927243994549 0
1 0.780357914976776 0.137956212507561 0
1 0.403304402949288 0.946511750575155 1
1 0.178095130715519 0.499370713252574 0
1 0.834885939024389 0.851946184644476 1
1 0.52477111085318 0.722193680237979 1
1 0.623256207909435 0.942343513015658 1
1 0.525986157124862 0.681645261589438 1
1 0.651806639740244 0.89901721989736 1
1 0.902345369802788 0.936300847446546 1
1 0.403229373740032 0.573048337129876 1
1 0.937587821157649 0.672101836651564 1
1 0.253765602363274 0.727139748632908 1
1 0.847640443826094 0.413430619984865 0
1 0.378808344481513 0.944318924099207 1
1 0.509041859069839 0.527173165231943 1
1 0.797497648512945 0.0457818594295532 0
1 0.391389385331422 0.907532408367842 1
1 0.715710751479492 0.156924508046359 0
1 0.142031381372362 0.0110918348655105 0
1 0.45597459631972 0.308456967584789 0
1 0.527026311727241 0.316708638798445 0
1 0.189280401915312 0.0757598474156111 0
1 0.930504622403532 0.484290181891993 0
1 0.607780332909897 0.821887925965711 1
1 0.664839461445808 0.989629437215626 1
1 0.0016924268566072 0.672189299250022 1
1 0.260976183693856 0.302032173378393 0
1 0.90424841712229 0.371530289528891 0
1 0.217128949938342 0.777659073006362 1
1 0.525681726867333 0.0792154378723353 0
1 0.794127925764769 0.171366251073778 0
1 0.626913659740239 0.553158657159656 1
1 0.319597158813849 0.868023593910038 1
1 0.99698623479344 0.974907925352454 1
1 0.687642693053931 0.521319208433852 1
1 0.570643106475472 0.784332000184804 1
1 0.397563607664779 0.00391144398599863 0
1 0.402494435198605 0.756962118670344 1
1 0.712267215829343 0.986145040253177 1
1 0.749552367487922 0.966440366581082 1
1 0.185502148000523 0.64359495183453 1
1 0.0968305058777332 0.712933057220653 1
1 0.857236467069015 0.958763582631946 1
1 0.483709118561819 0.802381020504981 1
1 0.293735815212131 0.375973962945864 0
1 0.217921806266531 0.394626224879175 0
1 0.394288558512926 0.510725496802479 1
1 0.578863336006179 0.589653298025951 1
1 0.85895954631269 0.647237126948312 1
1 0.803242700407282 0.276924846926704 0
1 0.986908382968977 0.168114577652887 0
1 0.661389663349837 0.935240453341976 1
1 0.666113733779639 0.0554509242065251 0
1 0.408308593556285 0.643043354619294 1
1 0.746777161490172 0.522774636512622 1
1 0.479165888158605 0.172986687161028 0
1 0.871450741076842 0.169121264480054 0
1 0.289395392872393 0.522060355870053 1
1 0.388169906334952 0.644906332716346 1
1 0.687492983881384 0.519623315660283 1
1 0.906211184337735 0.0637821550481021 0
1 0.33466776413843 0.360953957308084 0
1 0.557196086272597 0.682900347281247 1
1 0.766141136875376 0.854687152197585 1
1 0.692053846083581 0.0548049139324576 0
1 0.864080561557785 0.377633122727275 0
1 0.709561941213906 0.348168238066137 0
1 0.843349227448925 0.511701864888892 1
1 0.0835788217373192 0.744451222475618 1
1 0.0882212403230369 0.724164279643446 1
1 0.73861573333852 0.00635325512848794 0
1 0.277058792766184 0.0739755523391068 0
1 0.243787832790986 0.628795516910031 1
1 0.95620266883634 0.19490086613223 0
1 0.811390843940899 0.147815418895334 0
1 0.417054137215018 0.0636509738396853 0
1 0.202729167649522 0.167112042661756 0
1 0.517611926188692 0.520197402220219 1
1 0.31535122054629 0.89879498607479 1
1 0.256221559131518 0.867415920132771 1
1 0.0354667145293206 0.896803029812872 1
1 0.565280903596431 0.134714933577925 0
1 0.348338405834511 0.66826853970997 1
1 0.487002196721733 0.0340914628468454 0
1 0.63480289792642 0.567421558545902 1
1 0.807561152614653 0.643212990835309 1
1 0.598489283351228 0.515558500774205 1
1 0.285144683439285 0.898715694667771 1
1 0.979361552977934 0.295332193374634 0
1 0.733400351833552 0.21038832468912 0
1 0.627613670192659 0.696967113297433 1
1 0.968179897405207 0.478329410310835 0
1 0.631706503452733 0.778633727924898 1
1 0.387534362729639 0.711979719810188 1
1 0.844944995129481 0.981466598110273 1
1 0.0939096505753696 0.250184181611985 0
1 0.059277820866555 0.385875754756853 0
1 0.993094360455871 0.049405149416998 0
1 0.639880560571328 0.922730988822877 1
1 0.758762386161834 0.623995679430664 1
1 0.937890341272578 0.37478046445176 0
1 0.239575602114201 0.0964920562691987 0
1 0.898046702379361 0.0889321421273053 0
1 0.548163782572374 0.84954995312728 1
1 0.610602284083143 0.573620512383059 1
1 0.671514655230567 0.199373644543812 0
1 0.624391532270238 0.858469166792929 1
1 0.617181747686118 0.60415328014642 1
1 0.561941582011059 0.587682333076373 1
1 0.986672267550603 0.615856617456302 1
1 0.864644344430417 0.274884981336072 0
1 0.583760363282636 0.963504009880126 1
1 0.76565850363113 0.241391318384558 0
1 0.244043704122305 0.213388996664435 0
1 0.456128784455359 0.334621981251985 0
1 0.453467381652445 0.671786359976977 1
1 0.683923062868416 0.984582245815545 1
1 0.19914018525742 0.757854481460527 1
1 0.208488646429032 0.9419279191643 1
1 0.78896134882234 0.431282685836777 0
1 0.619543628068641 0.185371721861884 0
1 0.46944390097633 0.532514510210603 1
1 0.624862418044358 0.150922032771632 0
1 0.0123660839162767 0.0775009717326611 0
1 0.199057581834495 0.457382929744199 0
1 0.761912007816136 0.746271334122866 1
1 0.215604373486713 0.364653741242364 0
1 0.943786146119237 0.948298361152411 1
1 0.884763247566298 0.970298177795485 1
1 0.447494886815548 0.287503124447539 0
1 0.887258494505659 0.877065842505544 1
1 0.60760375065729 0.412954981205985 0
1 0.986398700857535 0.804915353190154 1
1 0.417442652396858 0.830321472603828 1
1 0.486911185551435 0.0903144297190011 0
1 0.256080094957724 0.685705805197358 1
1 0.230332399485633 0.653560044709593 1
1 0.816660433774814 0.0742710581980646 0
1 0.72068472369574 0.159717924660072 0
1 0.229276553262025 0.0294277770444751 0
1 0.264053226914257 0.640677599003538 1
1 0.600050056353211 0.368712987052277 0
1 0.228014267981052 0.309877996798605 0
1 0.0717600048519671 0.845733740366995 1
1 0.013414112618193 0.555379461497068 1
1 0.760420298902318 0.303334682947025 0
1 0.658412033692002 0.523147541098297 1
1 0.560950578190386 0.735334344673902 1
1 0.237222768599167 0.376785266213119 0
1 0.323502992745489 0.484761288622394 0
1 0.842266322113574 0.865239367121831 1
1 0.601799754193053 0.988068510545418 1
1 0.0188266199547797 0.473106507910416 0
1 0.0950308598112315 0.0911182085983455 0
1 0.306744893081486 0.496672111330554 0
1 0.886519699590281 0.0472703988198191 0
1 0.0503921583294868 0.098809658549726 0
1 0.341716005234048 0.931876783492044 1
1 0.364111886825413 0.834208955755457 1
1 0.186988084344193 0.858892339747399 1
1 0.00665325904265046 0.132730224868283 0
1 0.638197669992223 0.686794749693945 1
1 0.856984206708148 0.802477842895314 1
1 0.820028634276241 0.309192640008405 0
1 0.626387244090438 0.0161972045898438 0
1 0.155673158122227 0.748421663884073 1
1 0.926268913084641 0.883760664612055 1
1 0.190779155120254 0.842004720354453 1
1 0.311208022059873 0.107863041572273 0
1 0.570790470577776 0.778021346777678 1
1 0.312347530620173 0.847665057051927 1
1 0.0157122437376529 0.302955549443141 0
1 0.790965763386339 0.621445765951648 1
1 0.288334937533364 0.236764007247984 0
1 0.760238118004054 0.449336268240586 0
1 0.83063595648855 0.877189364517108 1
1 0.890723761869594 0.725762987276539 1
1 0.665867033880204 0.485112962312996 0
1 0.200661078328267 0.0991304228082299 0
1 0.96427868376486 0.288923848187551 0
1 0.13297138758935 0.598719905829057 1
1 0.183428908232599 0.485738203627989 0
1 0.782756697153673 0.593273111386225 1
1 0.610318605788052 0.340698544867337 0
1 0.0893639761488885 0.00512291491031647 0
1 0.469498263439164 0.478557452559471 0
1 0.490623698337004 0.58386213472113 1
1 0.122267257655039 0.481038713827729 0
1 0.195024897810072 0.553617185447365 1
1 0.752709518652409 0.0770839229226112 0
1 0.99990271544084 0.162343469914049 0
1 0.654369072057307 0.359419769374654 0
1 0.33875228324905 0.757804579799995 1
1 0.690834042849019 0.548506058286875 1
1 0.188454750226811 0.833818139741197 1
1 0.132866776082665 0.0407946165651083 0
1 0.768947368487716 0.680645701708272 1
1 0.081810055533424 0.812084028497338 1
1 0.492869789712131 0.0108974759932607 0
1 0.363061820389703 0.749319032533094 1
1 0.0389465000480413 0.0705802082084119 0
1 0.894965573446825 0.817903777351603 1
1 0.68016398511827 0.628287464380264 1
1 0.283621482318267 0.259705085074529 0
1 0.783289310289547 0.346233355347067 0
1 0.613209977280349 0.967597607290372 1
1 0.989431702764705 0.129489097045735 0
1 0.264606737531722 0.324866227107123 0
1 0.399385834578425 0.674764655297622 1
1 0.311393956653774 0.317441230406985 0
1 0.0650406051427126 0.984468487324193 1
1 0.248269954696298 0.215494586154819 0
1 0.530922084581107 0.729474787833169 1
1 0.246838980121538 0.847126673907042 1
1 0.680736527778208 0.505802635336295 1
1 0.162822175072506 0.0983277892228216 0
1 0.53813192457892 0.801729554776102 1
1 0.968217976391315 0.456985133700073 0
1 0.612744696903974 0.450461666798219 0
1 0.272945292061195 0.18856472405605 0
1 0.902747082989663 0.550015744986013 1
1 0.0518607371486723 0.942894022213295 1
1 0.481449518585578 0.312872016336769 0
1 0.109646166907623 0.665363159961998 1
1 0.694849105319008 0.0319940557237715 0
1 0.278833281481639 0.743046042975038 1
1 0.376698420150205 0.708564640954137 1
1 0.403943144250661 0.293264014879242 0
1 0.954270000336692 0.857572170440108 1
1 0.444633161881939 0.316151095321402 0
1 0.0448674166109413 0.0340589163824916 0
1 0.261052487418056 0.123701891629025 0
1 0.483184087788686 0.471491566160694 0
1 0.680936781689525 0.439501221291721 0
1 0.173227930441499 0.848834313452244 1
1 0.737911133095622 0.289802770130336 0
1 0.0840801480226219 0.345665511442348 0
1 0.373371173627675 0.800257072085515 1
1 0.522576562827453 0.0620617067907006 0
1 0.504819332389161 0.47547056642361 0
1 0.191217206884176 0.749298225622624 1
1 0.136145257391036 0.925132085336372 1
1 0.587968031875789 0.64237755862996 1
1 0.487454033456743 0.797838093014434 1
1 0.87781834602356 0.0780225100461394 0
1 0.843784305732697 0.226488651940599 0
1 0.92705623456277 0.987160697113723 1
1 0.967182307504117 0.579661912051961 1
1 0.350322284502909 0.198888307902962 0
1 0.0393222814891487 0.946200171718374 1
1 0.939851728733629 0.309679999016225 0
1 0.88540299073793 0.55336832255125 1
1 0.836499294266105 0.664512563729659 1
1 0.65119152283296 0.80711172381416 1
1 0.645229096291587 0.430699508404359 0
1 0.802932722028345 0.672848688671365 1
1 0.089693266665563 0.322705998085439 0
1 0.312334523536265 0.48078294028528 0
1 0.613903827499598 0.547326993662864 1
1 0.513771308818832 0.40526318945922 0
1 0.0475535630248487 0.526551148621365 1
1 0.821573782479391 0.816029072506353 1
1 0.615118755493313 0.548860905691981 1
1 0.0876736876089126 0.465378482593223 0
1 0.715925014112145 0.985970539972186 1
1 0.563965067034587 0.314254366094247 0
1 0.889941616682336 0.451127907494083 0
1 0.716590135358274 0.820412185974419 1
1 0.390374303795397 0.0104119144380093 0
1 0.675225063692778 0.536261660046875 1
1 0.859965722076595 0.902631868375465 1
1 0.201290292665362 0.225281506543979 0
1 0.819815005641431 0.83930890634656 1
1 0.438371265307069 0.785759245045483 1
1 0.115404206328094 0.634285029256716 1
1 0.209147870074958 0.111918622395024 0
1 0.2550728705246 0.752852099016309 1
1 0.461481527658179 0.235979947960004 0
1 0.0450360795948654 0.60009136563167 1
1 0.297608479158953 0.101085550151765 0
1 0.204908120213076 0.124123281566426 0
1 0.346089066937566 0.953762903809547 1
1 0.716921247541904 0.916096644708887 1
1 0.421522070886567 0.761195084312931 1
1 0.514826950617135 0.64863544725813 1
1 0.614595192717388 0.0165395752992481 0
1 0.594787127804011 0.11478640884161 0
1 0.992020551813766 0.635211089160293 1
1 0.0773946030531079 0.989330959506333 1
1 0.916852759430185 0.294539905618876 0
1 0.409248175332323 0.188052979297936 0
1 0.97536336351186 0.830744933569804 1
1 0.433548389468342 0.0194978441577405 0
1 0.0924605980981141 0.107915152329952 0
1 0.612953799776733 0.224413896212354 0
1 0.913677324540913 0.61413348140195 1
1 0.767902759835124 0.536704895086586 1
1 0.438555279513821 0.147049931809306 0
1 0.883744385326281 0.561309231678024 1
1 0.202187863411382 0.641789774643257 1
1 0.460420624585822 0.902549208607525 1
1 0.034638148965314 0.506841332651675 1
1 0.2960160295479 0.569455788237974 1
1 0.148587431758642 0.244130571372807 0
1 0.967753016622737 0.544448979664594 1
1 0.172008319059387 0.178529903292656 0
1 0.172028305707499 0.228602906921878 0
1 0.506313913501799 0.419252750463784 0
1 0.975717331282794 0.550169207621366 1
1 0.977425816468894 0.397431816440076 0
1 0.0867889844812453 0.0131697654724121 0
1 0.865339474054053 0.674479714594781 1
1 0.459013754501939 0.40673859603703 0
1 0.291144483257085 0.394217391964048 0
1 0.566345646046102 0.247476327233016 0
1 0.413050075061619 0.246941672172397 0
1 0.0262851691804826 0.478489170782268 0
1 0.697539798682556 0.961055744206533 1
1 0.529898253735155 0.751527776475996 1
1 0.551665388047695 0.0456503343302757 0
1 0.977043217979372 0.823719683336094 1
1 0.848995533306152 0.27336664381437 0
1 0.116781663382426 0.627468350110576 1
1 0.549734161933884 0.435905217658728 0
1 0.839230360230431 0.904609903227538 1
1 0.265391492517665 0.606952594593167 1
1 0.346008154097944 0.964204656425864 1
1 0.477138309041038 0.640918761491776 1
1 0.688127174740657 0.221351862186566 0
1 0.627328083617613 0.0331155813764781 0
1 0.454961818642914 0.773190882289782 1
1 0.999252551468089 0.543352831387892 1
1 0.583454518346116 0.880398254375905 1
1 0.769234788836911 0.883645913330838 1
1 0.433119140565395 0.968537971610203 1
1 0.886201566783711 0.734091390157118 1
1 0.926602917024866 0.932053827214986 1
1 0.623597692232579 0.261355447117239 0
1 0.161763687618077 0.433351514628157 0
1 0.0069237092975527 0.17492310423404 0
1 0.433664100011811 0.250513162929565 0
1 0.082610085606575 0.467326019657776 0
1 0.403317315038294 0.769135138951242 1
1 0.373898081248626 0.538443292258307 1
1 0.0741560296155512 0.691926409723237 1
1 0.0641555883921683 0.0706671406514943 0
1 0.445637576514855 0.691437859786674 1
1 0.0470953695476055 0.665657473262399 1
1 0.95054208743386 0.0656090017873794 0
1 0.122451362432912 0.796452951384708 1
1 0.188117381883785 0.231548722134903 0
1 0.49666582304053 0.529728573281318 1
1 0.87053048890084 0.35454304725863 0
1 0.670179716311395 0.905770277138799 1
1 0.0197063074447215 0.42467646393925 0
1 0.611889773979783 0.855149998795241 1
1 0.464533030055463 0.456826045410708 0
1 0.978399728890508 0.970513770822436 1
1 0.909985854523256 0.425883067771792 0
1 0.115286273183301 0.717802341096103 1
1 0.480230199638754 0.908969733864069 1
1 0.790912677999586 0.495095523539931 0
1 0.718697645468637 0.705250097205862 1
1 0.816474429797381 0.758805681951344 1
1 0.954244354739785 0.266204925952479 0
1 0.109442780259997 0.569123458582908 1
1 0.24775980389677 0.66881010401994 1
1 0.60261156456545 0.578256086679175 1
1 0.900043989066035 0.0543780401349068 0
1 0.278341802768409 0.796902781818062 1
1 0.80269682360813 0.878137676278129 1
1 0.414148269919679 0.195980613352731 0
1 0.849174494389445 0.734213587827981 1
1 0.565727105364203 0.883491405518726 1
1 0.212487105745822 0.66866313200444 1
1 0.825379608897492 0.660576342372224 1
1 0.410427033901215 0.944583871867508 1
1 0.06121755996719 0.352419509552419 0
1 0.947438939707354 0.221016497118399 0
1 0.856547292787582 0.0650775074027479 0
1 0.343242862261832 0.063194127054885 0
1 0.124374987790361 0.0259588358458132 0
1 0.572275888640434 0.281236733309925 0
1 0.895209110807627 0.884283685358241 1
1 0.592547310050577 0.0185058070346713 0
1 0.879506769357249 0.078909554053098 0
1 0.0200394608546048 0.762601799331605 1
1 0.0234984385315329 0.354062658036128 0
1 0.883345502894372 0.600945855956525 1
1 0.633616828592494 0.616352588869631 1
1 0.577833033865318 0.838823411380872 1
1 0.862197821261361 0.65331872436218 1
1 0.574389529880136 0.136471962323412 0
1 0.627592936623842 0.58150332281366 1
1 0.301160851027817 0.84507825342007 1
1 0.269313500495628 0.733734034001827 1
1 0.844117051921785 0.735936285695061 1
1 0.515436671674252 0.679623168893158 1
1 0.608345264336094 0.428854793077335 0
1 0.770913883578032 0.395916797220707 0
1 0.155431681778282 0.756171779474244 1
1 0.927101711975411 0.535630952799693 1
1 0.29731596657075 0.6276335476432 1
1 0.149546708911657 0.720243974821642 1
1 0.538363688858226 0.645366124110296 1
1 0.0563420322723687 0.255468152929097 0
1 0.165083194617182 0.117609892273322 0
1 0.436129240319133 0.760239396477118 1
1 0.412308912025765 0.969243911327794 1
1 0.353358384454623 0.894073146395385 1
1 0.0365231113974005 0.113053701352328 0
1 0.305594402365386 0.790191289968789 1
1 0.33935836609453 0.603481601923704 1
1 0.807097584707662 0.108994659967721 0
1 0.888650555163622 0.351193628041074 0
1 0.0372378490865231 0.252413030713797 0
1 0.428830279968679 0.12652281858027 0
1 0.314493232173845 0.834694396704435 1
1 0.467471888056025 0.470684132305905 0
1 0.321786836255342 0.111708001000807 0
1 0.419217825867236 0.625493195606396 1
1 0.0288761088158935 0.727472520666197 1
1 0.759888311382383 0.676834921119735 1
1 0.962658117059618 0.980092539452016 1
1 0.107935930136591 0.353794476715848 0
1 0.888023734558374 0.942161316750571 1
1 0.865396038396284 0.573339879047126 1
1 0.209179848898202 0.999413368990645 1
1 0.636866082670167 0.399811836425215 0
1 0.411269919481128 0.137368847848848 0
1 0.0328184149693698 0.628217028453946 1
1 0.189691302599385 0.913168942090124 1
1 0.961803621146828 0.0793965617194772 0
1 0.350333690876141 0.699398019351065 1
1 0.971120678121224 0.475550203118473 0
1 0.528055859496817 0.2378875981085 0
1 0.587742714909837 0.619249473558739 1
1 0.00672157504595816 0.314290109323338 0
1 0.628375371918082 0.719918936723843 1
1 0.375888852635399 0.128486827714369 0
1 0.290066317189485 0.422947137383744 0
1 0.762571231229231 0.706465784460306 1
1 0.982379912631586 0.954801392974332 1
1 0.755445466609672 0.584018036723137 1
1 0.775788224767894 0.982463269028813 1
1 0.000184327829629183 0.717089063953608 1
1 0.265884830383584 0.462257662089542 0
1 0.49435634794645 0.690217489143834 1
1 0.574464862467721 0.612838965374976 1
1 0.851090116193518 0.145566046470776 0
1 0.479161842726171 0.442348598036915 0
1 0.0541129726916552 0.354340054094791 0
1 0.525242930511013 0.219130342593417 0
1 0.631840898189694 0.697428417857736 1
1 0.635318774729967 0.394662709441036 0
1 0.139570936793461 0.346635414054617 0
1 0.198878872906789 0.37800854514353 0
1 0.507380064809695 0.368681842461228 0
1 0.576799446018413 0.910699117695913 1
1 0.351990014081821 0.734642537776381 1
1 0.394371076254174 0.635841170093045 1
1 0.998978525865823 0.751397646963596 1
1 0.670450993580744 0.413926699198782 0
1 0.638205137569457 0.6566391447559 1
1 0.313181764213368 0.0422191126272082 0
1 0.260223837802187 0.543085544137284 1
1 0.75521918060258 0.0115256819408387 0
1 0.381125695304945 0.287303303135559 0
1 0.680706476094201 0.819340409943834 1
1 0.268052825704217 0.234206879511476 0
1 0.249458847334608 0.945078672841191 1
1 0.549637750023976 0.724215676542372 1
1 0.857402651337907 0.522148623131216 1
1 0.735313749639317 0.653726133750752 1
1 0.0294954122509807 0.947486425284296 1
1 0.00311394943855703 0.3862297560554 0
1 0.106592004187405 0.643754169112071 1
1 0.22319982945919 0.797789135714993 1
1 0.362583824666217 0.459762783255428 0
1 0.608015279751271 0.943194535095245 1
1 0.0265124291181564 0.782313107745722 1
1 0.356362721417099 0.199107269523665 0
1 0.740606783656403 0.917094260687009 1
1 0.677580382442102 0.249330767896026 0
1 0.0341957083437592 0.914351777173579 1
1 0.908073797356337 0.198846702463925 0
1 0.543751743622124 0.0949139131698757 0
1 0.0157525921240449 0.38475683867 0
1 0.974209637381136 0.148198295617476 0
1 0.454540494829416 0.449251248268411 0
1 0.904097717022523 0.101793827489018 0
1 0.871827711584046 0.169742417521775 0
1 0.987798912450671 0.503229665802792 1
1 0.0453444910235703 0.504251700127497 1
1 0.388972905697301 0.628640977200121 1
1 0.364972824696451 0.126506272470579 0
1 0.261069467756897 0.0555031143594533 0
1 0.17718933778815 0.967406028881669 1
1 0.34338299673982 0.174514551414177 0
1 0.603828617138788 0.0583447837270796 0
1 0.849690694827586 0.284084230195731 0
1 0.589160197647288 0.910841984907165 1
1 0.306360061978921 0.803822635905817 1
1 0.0396216723602265 0.0788118941709399 0
1 0.298301697475836 0.275152382208034 0
1 0.46279797819443 0.155073761241511 0
1 0.0611462227534503 0.762732612900436 1
1 0.291769221657887 0.831032444024459 1
1 0.587097345618531 0.112872744444758 0
1 0.522369833663106 0.54010789678432 1
1 0.385383112821728 0.70670748851262 1
1 0.881982686463743 0.703805928118527 1
1 0.18712732498534 0.360178443836048 0
1 0.775743894511834 0.0701249621342868 0
1 0.681080671260133 0.576180628733709 1
1 0.86646354268305 0.630873507121578 1
1 0.866240957286209 0.069973060162738 0
1 0.468826500698924 0.286568160168827 0
1 0.383072781609371 0.559182377066463 1
1 0.619914491428062 0.814268611138687 1
1 0.0925465172622353 0.579881856683642 1
1 0.25475807627663 0.299731226637959 0
1 0.317460792139173 0.295284065185115 0
1 0.222148783504963 0.85057412320748 1
1 0.228748453315347 0.89523597038351 1
1 0.893074846128002 0.830011946382001 1
1 0.262511865701526 0.369891528505832 0
1 0.851083636516705 0.644106626743451 1
1 0.992815962526947 0.554623188683763 1
1 0.853254149900749 0.472371185198426 0
1 0.31121010822244 0.765443742042407 1
1 0.805145716061816 0.724890397395939 1
1 0.908672440098599 0.846207898342982 1
1 0.596137094777077 0.003449278883636 0
1 0.442694382974878 0.295120343798772 0
1 0.0282081568147987 0.245415879413486 0
1 0.737646884983405 0.864814286120236 1
1 0.795144851319492 0.774312806548551 1
1 0.408365176757798 0.270837939577177 0
1 0.347020201152191 0.596119888359681 1
1 0.701464966405183 0.366836223052815 0
1 0.757238409481943 0.784592579118907 1
1 0.471597884083167 0.861778606195003 1
1 0.00180850923061371 0.336429641814902 0
1 0.104463987983763 0.769832353573292 1
1 0.325676795560867 0.219290273729712 0
1 0.455207246122882 0.796200817683712 1
1 0.827171029755846 0.218345008790493 0
1 0.813794006127864 0.873242485336959 1
1 0.839217638596892 0.555339839775115 1
1 0.30854429770261 0.453429911984131 0
1 0.514654575847089 0.8051232539583 1
1 0.265200433554128 0.961857176152989 1
1 0.508308947319165 0.141172412550077 0
1 0.441471505677328 0.340766599169001 0
1 0.827992509817705 0.0106056616641581 0
1 0.152681985171512 0.99993305769749 1
1 0.548126095440239 0.189613412134349 0
1 0.762785969069228 0.948428436648101 1
1 0.938230972969905 0.755863353842869 1
1 0.0762487871106714 0.18475354812108 0
1 0.446673172526062 0.153877811739221 0
1 0.622988891554996 0.794569316320121 1
1 0.372683802852407 0.719012179877609 1
1 0.291023707482964 0.755640258081257 1
1 0.214189641410485 0.615662152646109 1
1 0.883027417352423 0.552731053205207 1
1 0.574507644632831 0.792936963029206 1
1 0.310281444573775 0.185883774189278 0
1 0.982592019019648 0.346134697087109 0
1 0.807557869004086 0.694262858014554 1
1 0.568930899025872 0.814547871705145 1
1 0.276500786887482 0.615666444413364 1
1 0.179861926939338 0.672638537595049 1
1 0.83983549149707 0.739748116116971 1
1 0.130407828139141 0.796065951930359 1
1 0.941273439209908 0.962718395749107 1
1 0.457943685818464 0.670332719571888 1
1 0.941087815444916 0.570184911368415 1
1 0.0456439945846796 0.340799954719841 0
1 0.13719913456589 0.718902161810547 1
1 0.142083509126678 0.462346312822774 0
1 0.500729361083359 0.58313881396316 1
1 0.270908007863909 0.452161186840385 0
1 0.66656760754995 0.473676638910547 0
1 0.494370557134971 0.0545656532049179 0
1 0.773452567402273 0.635972723830491 1
1 0.646894376492128 0.130538249621168 0
1 0.0427713221870363 0.383826998528093 0
1 0.98752789827995 0.307853523874655 0
1 0.135684086941183 0.400538449874148 0
1 0.51405186811462 0.205132608069107 0
1 0.555937544442713 0.0965125025250018 0
1 0.652509727049619 0.125653835944831 0
1 0.0437255755532533 0.588264851365238 1
1 0.0387141401879489 0.0504282438196242 0
1 0.266765007283539 0.855583710595965 1
1 0.775270010111853 0.47639299556613 0
1 0.179175292374566 0.868324653944001 1
1 0.6936159953475 0.582100599305704 1
1 0.747444234322757 0.890196735039353 1
1 0.766259647672996 0.720072494121268 1
1 0.426463666139171 0.647546854102984 1
1 0.312747335294262 0.969259654404595 1
1 0.524222826352343 0.350037158932537 0
1 0.315270059742033 0.462954885093495 0
1 0.937964067561552 0.576925622299314 1
1 0.267298911232501 0.0567172088194638 0
1 0.415597838815302 0.972994495183229 1
1 0.592996403574944 0.381582326022908 0
1 0.90722858090885 0.00751557829789817 0
1 0.86245476687327 0.675486371619627 1
1 0.639914360363036 0.202585026156157 0
1 0.133355170022696 0.699606910580769 1
1 0.542743691476062 0.71846324740909 1
1 0.444902094313875 0.389669987838715 0
1 0.403382636141032 0.406329618999735 0
1 0.289937333436683 0.890738927526399 1
1 0.509261135477573 0.0109831807203591 0
1 0.827550371875986 0.258863943396136 0
1 0.122354393592104 0.0792608489282429 0
1 0.880425758427009 0.517662805505097 1
1 0.214449858060107 0.863336813403293 1
1 0.706875099102035 0.970539269503206 1
1 0.193889981368557 0.397620972944424 0
1 0.38476657285355 0.152120151091367 0
1 0.52302534529008 0.481430660467595 0
1 0.871180995367467 0.848056025337428 1
1 0.898632556200027 0.229377860669047 0
1 0.641199562000111 0.627757797483355 1
1 0.163151317508891 0.410743408603594 0
1 0.677661119261757 0.688384482171386 1
1 0.035540025215596 0.218636724632233 0
1 0.847361220512539 0.272473334800452 0
1 0.0240214874502271 0.260375606594607 0
1 0.364185778191313 0.0401638739276677 0
1 0.662626961013302 0.935522041516379 1
1 0.859121580375358 0.613370179198682 1
1 0.347723327809945 0.490116049535573 0
1 0.301641899393871 0.586055188206956 1
1 0.805414730450138 0.288668401073664 0
1 0.434776604641229 0.277689573122188 0
1 0.548681139247492 0.137873771833256 0
1 0.475720780203119 0.207496153656393 0
1 0.572416795184836 0.866352209122851 1
1 0.609372928738594 0.206391392508522 0
1 0.838478490244597 0.893600430572405 1
1 0.411592015996575 0.14410597155802 0
1 0.704830730799586 0.129224381409585 0
1 0.802411455661058 0.961258880095556 1
1 0.431128503289074 0.917324449634179 1
1 0.777958489721641 0.237329228548333 0
1 0.844161389861256 0.261696476722136 0
